10000
7 21
1 71
2 99
4 3
10 4
1 51
1 10
7 82
4 42
2 95
5 36
6 28
2 63
2 39
6 98
1 8
10 95
8 89
1 73
9 0
10 52
2 63
2 61
3 14
8 50
6 27
2 84
2 84
2 36
2 2
1 12
5 34
2 73
10 63
10 90
2 63
3 82
8 94
3 10
9 11
4 38
5 37
3 14
8 65
6 50
2 67
8 58
2 54
9 28
4 76
5 95
6 8
3 1
10 76
9 41
8 89
6 57
3 72
3 89
8 43
6 21
8 33
3 32
8 48
10 75
5 9
8 91
5 18
10 87
10 25
4 70
4 9
4 70
9 46
7 59
4 95
8 77
8 64
9 53
10 83
8 76
10 95
8 6
9 72
9 99
2 76
2 62
7 28
7 8
8 51
4 86
1 77
5 30
9 95
1 37
9 76
10 40
2 77
4 40
8 70
3 72
8 71
7 96
1 1
2 78
7 97
4 65
9 97
7 58
9 79
4 5
10 47
6 39
9 56
6 56
6 30
4 41
5 54
10 56
7 32
4 4
8 98
10 74
7 57
6 65
8 48
4 91
7 7
9 58
1 11
4 5
8 4
4 58
5 27
7 20
6 54
9 66
9 57
7 58
10 61
10 30
10 6
9 14
3 20
8 60
8 81
9 26
9 34
8 59
2 85
9 92
5 8
7 65
5 15
8 85
2 63
3 51
10 89
10 28
2 52
1 26
3 33
7 45
8 12
10 81
3 93
10 27
10 100
1 63
9 61
9 97
8 54
7 98
2 15
7 36
5 50
5 26
9 69
10 50
8 10
6 68
2 28
9 44
5 23
5 9
1 95
1 78
6 21
5 0
6 6
10 92
9 69
7 7
2 32
8 29
3 38
9 33
8 25
5 26
10 9
4 100
10 26
10 57
9 53
1 38
5 99
3 75
2 31
10 51
3 47
2 65
5 42
4 80
4 90
10 96
1 21
5 65
1 88
3 52
2 64
3 87
5 65
6 65
4 62
9 28
5 64
1 85
10 95
10 45
8 93
3 83
4 62
9 17
6 54
8 62
2 74
5 66
6 33
10 35
10 68
8 3
8 80
3 58
2 2
1 96
1 88
5 86
8 78
5 56
10 66
8 16
8 72
3 71
4 97
4 7
8 34
9 65
8 76
4 5
1 91
2 76
3 19
6 7
4 29
1 6
9 42
8 35
9 29
7 1
4 48
5 18
6 53
5 89
1 3
1 88
8 27
10 35
5 12
2 38
7 96
3 40
2 7
1 54
1 17
9 58
9 94
5 50
2 82
3 52
9 91
2 58
4 29
3 7
3 88
1 14
1 9
4 45
10 34
1 98
8 38
8 82
8 1
4 81
8 50
5 34
1 76
3 34
9 59
10 100
6 13
2 8
4 14
9 94
8 96
7 27
8 96
6 92
4 8
2 27
1 20
2 79
5 59
5 29
1 46
8 48
8 97
7 43
9 48
6 42
10 59
10 92
8 49
5 25
8 56
5 8
2 44
6 12
8 88
9 81
4 10
4 45
9 31
3 89
6 16
8 22
8 96
5 48
7 0
7 36
1 83
5 53
1 64
7 19
1 3
1 38
4 59
2 93
8 78
4 25
7 37
6 16
4 37
5 59
10 97
10 39
9 10
3 38
8 47
3 58
4 73
1 100
2 48
8 11
7 41
6 40
8 94
4 63
9 66
3 7
10 30
10 28
4 18
1 94
3 76
4 40
8 12
2 35
1 27
8 70
9 6
5 72
1 3
4 56
3 17
2 31
9 23
9 61
3 20
8 57
4 2
8 47
2 0
6 41
5 36
10 83
7 50
5 9
8 60
7 56
2 48
8 25
4 70
7 76
5 70
1 13
5 25
4 82
6 82
2 81
6 47
4 16
8 15
8 0
6 20
3 6
6 83
7 58
3 81
4 41
3 71
1 86
6 1
1 0
7 89
9 98
9 44
3 97
9 55
8 93
2 17
3 54
9 54
5 65
6 95
7 66
4 84
1 34
5 94
4 15
1 33
2 94
4 91
7 74
9 31
2 78
5 96
2 14
10 98
3 85
6 77
10 29
7 59
6 25
10 25
7 54
2 8
2 79
6 60
2 94
1 77
4 91
10 73
6 26
7 68
7 29
3 80
1 66
3 13
3 26
6 34
4 57
4 68
6 99
2 23
4 18
1 26
3 42
2 45
2 33
3 48
10 42
3 0
4 69
4 42
4 55
6 87
9 36
10 31
2 65
1 47
6 4
6 9
3 94
1 55
4 15
7 83
4 66
1 99
9 2
4 63
8 91
5 57
4 54
2 71
3 62
9 60
2 19
2 70
6 41
4 25
1 89
4 48
1 53
5 27
10 41
5 40
5 66
8 4
8 88
4 7
7 83
7 98
9 20
3 7
10 4
4 75
8 11
3 78
5 46
10 89
7 69
6 41
5 75
8 68
2 29
5 11
10 34
8 40
4 66
2 96
7 92
8 34
9 25
4 30
6 24
9 10
3 89
1 44
1 27
10 70
1 63
2 7
9 92
4 77
2 34
7 65
8 48
3 72
1 28
4 4
2 64
9 72
7 17
2 10
7 42
7 95
3 14
10 84
2 6
4 53
2 36
5 95
6 93
3 70
7 15
10 27
7 77
6 31
3 35
6 73
9 6
9 17
3 75
5 45
4 30
10 6
9 7
5 59
3 78
3 80
4 15
5 43
1 33
5 5
1 35
8 91
3 33
5 86
8 96
4 96
10 65
6 34
8 39
2 37
3 57
5 17
1 73
3 18
2 16
7 88
9 86
4 18
5 66
3 25
7 74
1 46
8 60
1 41
6 89
9 12
2 70
1 59
9 74
1 25
8 91
2 28
9 20
3 97
6 10
10 41
9 85
9 98
10 67
3 66
1 75
1 67
3 42
7 40
4 75
6 44
10 9
9 29
2 28
7 95
8 53
2 93
6 91
5 34
5 9
6 60
4 81
9 58
8 82
2 54
1 61
3 98
2 20
10 56
7 90
3 81
9 14
2 50
4 99
4 22
1 31
2 7
1 92
2 6
9 78
1 5
7 87
8 31
7 1
10 59
7 89
2 24
1 14
4 74
8 56
9 6
4 35
7 28
1 14
6 4
1 37
4 2
6 59
8 84
10 22
4 77
9 46
6 93
7 63
1 11
7 21
5 29
9 8
8 79
9 66
6 86
2 34
1 9
8 68
9 38
3 78
4 47
2 57
1 21
7 54
2 58
4 26
10 12
5 88
2 18
8 30
9 24
5 87
6 6
3 86
5 49
10 30
3 5
10 85
7 79
7 20
1 0
7 21
6 52
3 29
3 22
9 10
3 39
2 12
10 39
3 31
5 75
6 74
9 45
3 19
2 94
7 93
9 53
10 82
8 65
10 23
10 49
1 11
2 45
8 44
7 73
2 8
10 21
3 43
1 28
10 96
1 77
7 38
3 50
2 54
10 42
3 71
1 73
5 29
8 59
9 98
7 6
6 90
4 46
5 97
10 7
7 11
3 65
7 39
2 8
5 41
4 14
9 51
7 39
7 52
5 78
10 81
8 44
7 10
1 8
7 24
5 72
1 84
10 10
1 1
6 47
5 73
5 2
4 4
2 43
10 88
6 36
9 16
1 29
8 58
1 82
2 16
7 10
10 31
8 78
2 35
3 45
1 79
1 0
8 12
5 26
8 74
1 16
7 14
7 94
3 96
5 94
6 27
7 16
8 44
8 8
2 30
6 100
10 11
1 49
9 3
1 14
1 41
2 22
2 88
10 50
5 5
4 27
8 4
9 14
6 10
4 13
9 73
8 90
1 15
7 25
1 85
6 71
8 1
1 75
6 52
9 84
6 33
9 18
6 75
5 9
5 14
1 100
8 89
3 17
2 90
1 82
10 19
2 23
4 49
7 33
1 75
4 75
6 76
8 15
4 16
6 10
10 24
5 56
9 59
8 42
6 41
3 21
6 18
3 5
8 70
1 85
5 26
6 98
3 9
5 9
1 100
2 75
9 12
8 10
7 74
9 16
10 51
1 39
2 63
10 96
1 88
3 85
10 59
5 76
5 80
4 44
8 60
7 35
9 44
7 18
7 36
5 97
5 47
3 61
9 52
1 66
1 2
1 37
7 88
3 43
9 15
3 24
8 97
6 25
2 53
1 3
5 28
9 54
7 48
1 75
10 31
8 9
6 8
5 75
5 53
5 38
2 39
10 24
2 0
4 29
8 62
7 7
7 87
1 8
3 37
4 29
6 72
3 75
8 7
4 37
3 46
2 92
9 5
9 26
6 34
3 25
3 97
6 67
2 55
4 37
2 39
1 86
7 11
3 17
7 59
3 0
4 43
3 48
8 27
7 37
8 33
4 14
10 71
6 77
1 29
3 6
7 5
10 32
4 9
5 65
1 20
7 91
4 71
7 23
3 91
5 55
1 85
3 7
1 72
4 79
10 3
8 75
10 53
7 2
3 98
1 2
6 77
5 51
8 73
5 100
1 17
2 51
4 90
5 27
6 40
8 60
5 55
6 26
4 72
5 40
4 2
10 25
2 30
10 25
8 11
5 71
2 72
1 66
2 88
2 28
10 24
9 98
1 20
7 80
10 6
10 94
7 79
8 100
1 46
7 11
10 25
5 70
7 46
5 72
9 22
9 67
2 56
2 43
2 85
5 68
6 54
1 24
3 99
6 67
10 75
3 90
9 29
10 32
6 59
10 70
4 33
10 82
10 91
9 87
3 20
5 72
2 61
7 92
3 30
6 29
7 33
6 14
9 73
6 47
4 6
5 38
7 50
4 32
4 74
2 28
4 87
6 27
5 12
7 6
8 19
3 38
7 13
6 38
9 58
8 53
7 62
6 75
5 75
4 65
5 99
1 46
6 11
6 2
4 67
5 80
9 31
10 22
1 71
6 75
10 32
5 72
7 57
10 59
8 30
6 5
7 54
1 70
6 80
2 88
10 82
5 63
8 94
10 7
6 39
4 98
6 84
10 18
8 58
7 46
4 45
3 76
5 46
5 90
2 1
3 35
3 70
5 62
9 39
1 35
10 89
1 58
5 51
6 90
8 30
10 14
6 8
6 22
7 67
3 32
8 70
10 56
7 5
3 94
4 32
1 32
5 78
9 52
8 76
3 41
5 74
7 35
6 28
3 100
3 56
2 52
1 4
1 46
4 70
2 44
9 66
4 69
7 89
8 4
2 71
10 56
2 89
2 47
4 3
6 55
4 51
7 39
1 22
9 46
4 19
1 95
3 27
1 62
2 30
8 79
9 50
6 7
3 90
2 66
9 10
3 95
2 58
1 44
2 21
2 23
10 35
4 81
10 24
3 43
1 69
4 43
3 20
9 53
2 44
2 93
1 57
10 29
3 96
5 34
5 83
5 23
1 66
7 35
1 17
7 36
3 7
7 51
4 64
8 100
4 18
7 32
4 62
4 47
3 28
1 70
2 90
10 34
1 86
6 43
5 16
10 52
9 43
6 52
3 70
9 40
8 52
8 26
4 5
7 38
7 17
2 45
1 89
6 88
8 93
5 26
8 37
7 53
8 61
5 96
6 63
1 70
4 20
6 90
8 63
5 93
7 91
2 68
6 12
3 40
8 80
4 43
6 75
5 97
2 72
3 86
1 10
1 80
6 44
6 34
2 1
3 49
4 86
2 12
8 64
8 40
2 86
10 15
8 86
4 6
7 22
3 17
3 22
9 9
6 94
3 13
6 76
10 16
6 16
1 22
6 98
9 61
3 81
6 79
5 77
2 27
2 39
9 95
1 91
4 57
7 59
7 92
1 61
1 10
5 85
8 100
6 8
2 20
2 50
3 97
2 7
9 10
7 10
4 11
6 5
4 34
6 61
7 83
5 21
6 66
3 56
3 21
3 69
7 75
8 70
7 86
6 23
9 38
1 22
7 37
10 2
6 25
8 60
4 32
3 56
4 12
1 93
1 87
7 84
10 56
3 7
6 49
2 10
6 78
5 37
4 28
2 39
5 10
6 39
8 49
8 9
1 0
2 1
1 98
10 98
1 86
2 16
3 25
3 73
8 27
4 81
10 28
10 100
8 26
5 52
2 63
2 69
6 29
8 89
10 97
4 63
3 37
6 5
8 6
4 38
6 84
9 99
2 95
1 13
2 49
7 23
10 90
2 99
6 9
3 23
1 55
9 1
3 27
2 38
2 30
1 10
1 36
1 68
10 15
9 45
2 50
5 27
6 3
5 83
6 0
6 31
5 78
8 33
3 78
4 89
3 38
4 81
9 43
9 22
9 96
4 76
10 60
2 98
10 4
9 14
6 48
4 50
1 53
5 99
6 37
7 32
10 21
9 69
1 4
7 71
1 26
10 26
10 73
7 53
8 99
6 27
9 32
8 99
10 2
9 75
8 97
7 58
4 52
7 79
6 31
2 36
2 27
5 6
4 10
1 99
4 18
5 97
7 30
3 24
3 78
3 74
3 15
9 7
8 59
10 27
2 16
10 3
1 20
8 72
6 18
1 65
9 95
5 39
9 52
10 98
5 63
10 44
9 62
2 11
5 89
8 41
7 15
7 66
3 87
6 29
5 73
8 97
7 6
5 47
9 21
5 55
6 19
8 81
3 67
10 11
1 39
5 95
1 100
9 38
1 6
6 73
8 70
6 95
5 94
8 86
3 71
7 35
9 0
3 39
2 96
8 68
5 46
3 71
7 72
1 33
2 87
7 82
4 57
7 90
2 74
9 63
1 50
7 64
2 51
3 16
7 28
5 68
3 60
10 24
1 11
9 3
9 62
4 12
4 35
8 81
8 39
6 54
8 32
2 70
6 65
4 47
7 84
7 75
1 21
9 79
1 55
7 49
9 49
5 80
5 18
1 42
9 64
5 87
10 31
3 37
4 46
7 54
8 37
6 62
2 7
2 1
9 97
8 22
9 29
1 53
7 5
8 4
9 63
9 61
1 52
1 35
1 35
8 3
6 9
2 87
7 60
2 89
8 24
3 100
5 31
2 5
6 19
10 96
2 10
8 12
9 65
8 77
4 7
7 60
4 44
1 41
6 4
5 42
3 55
5 87
5 100
10 78
8 1
3 26
3 100
5 80
10 57
5 60
3 98
8 96
5 77
2 86
6 29
10 29
2 76
9 83
4 33
5 51
7 21
8 2
5 21
3 49
4 65
10 21
5 52
5 29
4 68
3 10
8 19
5 10
3 23
6 80
10 96
6 59
6 96
6 42
4 49
2 34
2 1
3 69
6 94
9 97
8 8
6 32
8 98
4 62
3 97
4 78
9 48
5 11
8 2
6 82
1 10
10 30
2 3
2 68
2 18
10 81
5 64
10 59
5 83
6 68
8 80
4 41
7 23
2 74
6 16
1 54
10 12
7 40
3 40
7 16
1 51
2 8
9 53
8 42
7 10
8 43
4 84
7 7
1 12
4 97
8 14
8 31
3 18
8 37
4 35
3 54
3 37
3 15
7 38
9 86
7 35
3 88
4 45
8 7
1 82
3 46
5 59
10 33
6 73
4 34
9 72
10 83
5 75
3 74
2 5
9 68
5 8
5 41
4 31
10 53
7 28
2 65
4 90
6 13
8 100
7 68
3 36
6 73
3 79
3 17
5 20
3 20
9 82
4 82
9 21
6 67
4 92
10 15
4 47
3 80
5 79
7 47
9 94
9 32
5 99
7 60
8 84
1 23
8 72
1 76
2 65
7 98
6 91
2 40
3 11
9 13
1 23
8 27
9 65
1 60
8 0
1 77
1 98
2 94
9 27
8 89
9 8
2 17
5 24
1 35
1 19
6 85
4 96
9 79
2 61
3 79
4 70
1 74
7 48
6 11
1 34
7 51
2 64
10 56
9 69
4 68
7 36
10 15
7 34
9 69
10 83
7 33
1 5
7 7
9 43
10 15
6 35
4 24
8 58
9 41
1 89
1 77
9 71
3 36
2 52
1 28
7 0
3 56
8 8
10 32
5 36
10 54
3 15
6 11
2 35
2 52
9 37
7 82
2 70
3 53
9 65
5 52
7 27
2 54
8 58
2 94
3 54
10 6
9 97
10 69
10 95
5 8
9 72
7 79
3 61
7 26
6 58
3 75
3 35
2 89
4 84
9 86
5 0
4 92
3 5
3 22
1 78
4 51
5 100
10 35
2 59
2 2
8 81
5 12
8 6
5 2
7 56
2 39
5 60
6 46
7 37
8 52
8 72
7 31
5 93
4 64
2 100
5 88
2 20
9 33
5 98
8 8
6 69
8 5
4 90
4 3
3 97
3 8
1 65
10 30
5 46
9 81
8 47
7 46
10 22
4 66
3 80
4 33
8 18
3 25
5 12
8 83
3 58
6 30
7 45
4 30
5 78
7 96
5 96
5 85
4 98
7 28
9 48
6 44
5 13
7 65
10 24
5 28
8 1
2 25
1 56
6 80
6 95
2 22
6 1
5 77
2 24
3 96
2 4
1 67
7 55
7 46
7 18
1 44
10 28
7 25
2 49
7 68
2 37
2 69
10 52
5 31
10 43
1 41
7 43
7 8
1 79
1 86
7 79
8 94
7 83
9 87
4 82
4 56
8 49
3 95
2 69
4 51
5 58
10 10
7 4
5 15
10 47
3 43
3 57
5 25
3 99
6 100
9 63
6 86
6 27
7 12
5 68
4 97
7 19
6 3
5 60
9 98
9 35
3 76
3 61
6 41
2 95
1 98
5 88
8 45
8 89
8 90
9 90
2 48
9 74
5 25
3 79
5 84
6 35
1 79
5 2
4 45
9 37
4 10
10 14
2 75
2 38
7 38
1 2
7 42
5 6
2 36
9 69
7 47
6 5
6 78
2 81
1 76
5 14
5 63
10 73
1 84
7 95
8 57
7 0
7 99
4 45
4 79
10 18
5 23
2 52
9 86
4 18
5 40
8 3
9 99
6 78
9 38
1 55
3 99
6 89
7 50
5 57
4 8
5 2
8 30
7 99
9 17
9 100
1 80
7 8
2 66
2 11
10 72
5 58
9 25
8 46
5 5
10 94
9 84
4 7
2 68
1 25
4 70
4 33
6 7
5 68
10 81
6 28
10 17
3 55
10 56
5 99
6 82
9 1
8 76
5 55
5 17
7 18
8 57
7 52
6 11
9 73
3 99
2 97
3 2
2 99
4 20
8 33
4 40
4 82
4 21
2 81
3 87
3 38
2 68
1 74
1 7
3 58
4 20
8 60
10 3
1 31
4 20
4 73
6 88
8 60
10 88
3 11
9 27
8 18
2 37
2 4
7 33
2 19
9 26
8 49
1 60
2 92
10 28
8 50
1 32
7 83
4 58
3 67
7 86
9 6
5 34
8 73
9 1
1 6
7 65
8 4
3 44
2 22
9 11
2 66
6 17
6 21
4 25
5 71
5 63
2 63
10 60
5 55
1 99
6 88
1 66
1 70
7 4
7 18
10 36
8 69
6 19
5 8
7 40
9 14
3 91
1 3
2 70
4 4
8 20
3 11
7 85
7 29
4 10
6 99
1 7
2 54
10 48
10 52
1 39
6 53
6 79
7 31
8 10
9 89
9 72
8 55
4 73
7 64
2 73
2 70
1 0
10 22
2 87
9 81
8 94
4 75
3 84
7 21
5 80
10 52
10 49
10 7
4 37
9 84
5 59
7 93
9 15
7 68
8 74
4 27
5 90
5 45
5 82
8 94
4 94
8 67
8 46
10 66
7 79
7 68
6 78
6 86
9 14
6 87
2 37
6 67
8 28
7 86
3 29
3 65
8 51
1 7
9 58
2 36
3 3
2 46
7 80
8 25
6 37
7 61
3 40
6 3
4 38
8 60
8 35
10 5
7 64
3 85
7 78
9 82
1 74
5 68
2 82
3 97
1 95
2 19
7 30
3 59
7 26
5 24
2 96
1 66
8 91
5 8
1 37
3 38
4 14
5 30
4 8
8 82
8 27
10 7
3 79
5 86
3 4
2 48
10 14
2 3
5 1
1 68
5 91
2 8
10 35
6 7
4 68
6 71
3 75
1 72
8 30
10 96
6 72
3 1
9 54
4 75
5 30
10 44
5 86
4 52
5 60
10 38
3 34
9 86
10 8
7 96
6 38
10 5
7 89
3 88
3 10
9 31
10 39
4 10
6 80
5 69
2 85
2 43
3 43
9 36
5 25
2 65
6 39
7 32
10 66
7 84
3 87
2 46
4 32
7 7
8 79
9 87
7 75
4 72
7 18
1 86
6 40
2 40
4 89
1 50
4 84
3 34
1 58
7 65
5 16
3 15
1 67
6 52
4 95
2 18
6 98
8 56
3 61
6 32
3 7
3 15
7 98
4 63
6 56
10 0
10 8
3 54
3 44
3 32
3 88
2 45
6 64
3 65
4 4
4 19
10 100
3 51
5 74
10 94
9 52
3 20
2 59
10 1
8 30
3 8
2 33
5 3
10 12
4 19
10 66
10 94
10 50
7 59
3 42
4 43
2 52
4 28
6 74
8 64
3 67
1 86
7 30
7 23
10 81
1 74
4 30
5 95
4 51
3 99
4 50
3 38
2 94
3 13
3 38
10 3
6 23
9 100
2 95
2 56
6 9
6 6
8 67
9 54
7 7
8 64
1 38
1 77
1 100
6 38
3 61
6 71
1 25
7 46
1 56
6 79
3 85
3 8
1 55
2 94
9 47
1 73
6 8
6 76
2 16
1 96
5 52
1 10
4 87
4 5
6 6
4 93
8 95
9 64
2 98
8 74
2 65
1 15
7 32
3 48
5 78
3 39
4 34
1 48
8 14
9 70
9 21
1 31
2 81
7 2
9 15
8 84
1 19
7 1
4 81
10 60
9 22
5 64
5 56
8 60
6 100
4 17
1 18
7 72
9 53
6 66
2 34
3 53
9 17
6 29
10 57
6 79
1 69
2 63
6 33
4 91
8 1
8 32
9 68
2 35
3 47
2 90
2 48
3 15
7 50
4 6
3 55
10 41
6 95
7 93
5 60
10 49
8 22
5 82
4 28
1 35
9 87
3 20
5 69
3 23
9 35
6 7
10 64
7 67
6 48
2 16
6 1
2 10
9 83
6 44
3 52
1 46
8 51
8 35
4 37
10 35
10 88
4 47
10 49
4 80
7 49
6 39
1 9
1 83
1 65
1 35
7 15
4 51
2 3
3 95
7 5
9 42
7 4
7 53
3 63
7 43
4 91
2 73
3 44
8 52
5 7
4 30
8 41
3 5
9 16
10 63
1 75
10 52
6 97
1 69
6 36
1 8
1 73
6 29
9 43
2 74
8 74
7 54
5 44
6 91
2 74
10 44
7 4
3 22
1 6
7 10
2 51
5 83
2 58
3 78
1 68
6 82
6 44
1 15
1 39
8 0
10 32
1 1
8 3
6 12
3 66
4 42
6 43
9 2
4 63
10 91
2 46
1 36
4 36
6 37
4 56
8 45
9 5
8 87
10 95
7 8
8 98
4 8
5 59
5 45
2 70
3 13
5 62
7 37
4 6
9 64
9 97
3 86
6 4
10 75
7 9
10 13
5 56
3 40
8 47
10 30
10 88
7 100
2 77
9 67
2 36
9 22
3 47
8 86
6 11
10 75
7 96
4 100
7 5
3 99
6 1
1 92
3 66
2 97
3 60
1 20
7 33
2 71
6 66
8 58
5 51
1 30
5 92
7 54
9 42
3 99
2 7
8 92
4 7
6 35
1 89
3 37
8 69
6 43
2 70
10 25
7 43
7 41
3 0
5 28
10 97
8 32
4 26
9 44
2 66
1 80
2 15
7 43
8 21
7 23
4 78
7 35
7 70
7 5
2 77
6 96
3 93
3 23
8 87
5 90
2 57
1 82
10 21
5 10
4 69
9 99
2 71
9 13
6 30
4 94
9 70
7 76
7 31
6 7
3 32
9 56
7 91
1 97
2 51
9 22
10 0
5 15
10 9
7 88
4 28
1 63
2 12
2 51
4 57
4 46
5 88
5 39
7 24
2 18
3 81
6 26
7 55
8 49
8 14
10 98
7 89
8 68
4 5
10 28
8 85
8 56
6 96
7 74
4 83
5 29
3 57
10 1
5 74
10 10
1 74
1 20
9 14
4 49
10 9
8 76
1 67
3 51
4 97
10 66
4 89
5 19
1 29
10 85
1 75
3 35
7 98
4 87
4 13
5 89
2 100
9 98
7 55
2 7
6 81
6 20
2 83
1 52
7 76
9 90
10 82
3 85
10 8
9 8
10 6
3 55
6 4
7 25
5 38
3 89
3 0
2 47
3 15
6 78
2 48
3 28
3 10
5 20
3 19
4 88
9 39
9 45
3 73
4 45
3 36
3 24
5 85
1 13
4 20
7 94
4 12
3 17
10 61
3 27
5 92
5 85
7 3
9 1
7 37
8 60
6 1
3 84
2 67
8 27
8 10
10 57
1 41
2 98
3 15
1 10
8 26
6 100
7 46
1 58
3 47
5 87
5 49
6 68
2 42
1 55
4 2
3 15
4 43
3 4
9 25
10 16
5 63
7 60
3 6
4 40
10 99
3 9
4 7
2 35
5 9
9 38
6 83
4 25
5 38
10 82
9 16
5 94
1 61
3 50
10 69
6 79
10 83
8 22
1 75
4 45
6 25
5 76
5 57
5 81
8 17
10 71
1 3
2 96
3 9
8 3
9 67
10 79
6 81
9 45
7 71
4 92
8 80
6 48
5 25
6 66
4 12
3 60
4 75
10 55
5 11
6 5
7 55
5 59
1 80
7 65
1 33
8 23
6 23
2 58
7 78
1 14
4 19
7 73
9 57
4 80
8 42
9 49
1 60
4 35
2 12
10 48
1 72
10 37
8 47
2 70
10 31
4 43
9 21
7 4
9 2
9 84
3 31
10 81
6 84
5 39
7 11
5 50
2 49
7 99
9 43
10 33
8 88
7 24
6 80
5 31
2 47
10 8
1 70
6 93
8 62
7 67
8 53
1 0
1 61
5 86
6 58
9 99
3 73
9 75
6 27
4 58
9 59
6 15
4 89
5 13
5 90
8 85
3 13
1 9
9 74
8 31
6 53
4 68
4 55
5 62
1 3
3 61
8 38
10 79
7 60
5 87
8 38
7 86
9 47
1 21
3 29
4 52
9 37
3 13
7 28
7 55
4 54
5 100
7 21
3 53
5 65
7 1
4 13
1 45
4 56
1 67
6 51
8 95
5 57
4 29
4 49
9 42
7 24
2 89
6 56
10 59
5 79
3 99
10 76
10 67
4 8
1 69
7 22
8 7
8 82
10 80
8 17
10 77
2 59
7 87
3 56
1 8
2 98
3 32
4 87
5 37
10 53
5 57
6 47
2 97
5 92
5 32
7 27
4 5
10 32
9 51
9 80
3 19
10 4
3 3
8 77
5 99
5 14
1 67
6 60
4 43
1 30
3 42
4 70
8 80
8 21
8 61
3 28
1 84
5 89
1 5
4 36
5 58
4 11
9 57
2 2
10 42
7 67
6 96
7 82
6 66
6 89
3 59
8 59
9 42
10 4
4 6
6 80
4 38
2 88
6 90
4 70
5 22
6 68
9 95
1 69
2 20
1 97
6 35
8 28
9 89
1 94
3 39
9 58
8 92
2 68
10 36
8 73
7 85
6 53
8 91
1 13
5 51
6 16
2 66
5 53
8 60
10 84
6 56
2 40
5 14
7 43
2 61
9 15
1 88
1 35
3 87
5 60
2 18
5 6
6 71
6 35
4 75
8 74
8 15
5 80
7 85
7 5
4 47
9 6
3 0
7 58
9 41
2 47
6 18
8 48
1 50
3 60
8 36
7 18
3 58
2 94
2 73
6 16
4 40
10 69
7 20
6 62
4 80
9 16
5 93
9 16
4 40
4 44
3 85
7 30
4 61
7 28
4 48
5 60
10 0
7 69
2 87
3 94
7 82
10 52
1 80
10 10
6 71
6 15
4 67
3 45
1 37
7 14
2 79
9 88
6 31
10 23
8 51
3 97
8 14
3 66
7 29
6 6
9 42
2 57
9 7
7 79
1 95
3 23
10 96
1 14
3 14
10 54
10 100
9 51
4 1
7 16
6 21
9 26
2 4
10 21
10 8
9 92
3 98
1 79
3 78
7 40
2 26
3 2
3 0
10 61
1 48
6 65
6 10
10 45
6 68
1 23
3 15
5 96
4 88
10 9
9 2
2 84
5 65
5 14
1 73
7 50
7 51
3 84
7 91
5 7
4 54
5 12
2 7
6 47
10 54
5 76
2 71
9 87
5 94
1 14
6 83
6 27
5 62
5 19
3 1
2 61
2 36
9 41
4 72
7 67
2 11
2 66
7 19
4 19
4 15
5 30
6 60
8 38
10 4
10 20
4 80
1 0
7 37
10 3
2 16
3 39
7 1
7 84
7 100
5 32
1 3
2 99
8 53
8 2
10 91
5 10
4 24
3 47
3 82
5 26
1 35
6 19
1 48
3 43
5 97
8 15
3 88
7 70
9 65
9 64
10 35
6 62
9 8
2 18
3 0
3 40
4 5
8 76
7 10
4 23
3 59
9 82
8 51
3 86
1 99
1 80
1 76
7 69
10 39
4 91
10 70
8 34
5 93
6 81
8 22
3 13
10 38
10 33
7 45
4 95
3 60
9 14
6 51
10 33
7 72
6 72
8 53
1 70
5 16
9 67
10 2
5 97
1 70
3 22
6 75
9 88
10 28
1 27
9 2
10 70
5 67
6 65
5 42
6 31
3 74
10 63
4 38
6 64
8 22
3 48
9 29
4 69
7 63
1 89
5 13
7 47
1 98
1 20
5 8
8 76
7 34
8 68
5 34
3 72
3 35
2 91
5 25
10 9
5 100
1 50
8 100
10 77
3 72
3 55
6 54
1 29
8 26
5 25
9 18
5 47
10 0
4 26
1 14
3 13
3 58
3 9
6 31
8 67
9 83
6 33
9 52
8 69
2 86
4 47
3 15
2 9
2 15
2 96
8 64
1 28
5 23
2 18
1 98
3 15
4 12
9 95
1 20
4 64
6 49
4 6
1 72
8 86
1 22
3 68
10 23
1 26
6 32
3 65
3 0
9 93
4 72
8 89
2 23
6 99
10 69
8 48
7 21
6 23
3 36
8 71
9 72
2 12
2 75
2 12
2 4
1 93
1 8
9 60
8 41
2 58
4 32
3 42
10 70
4 63
8 82
6 79
10 16
6 26
10 48
4 46
3 38
2 11
4 57
1 80
8 61
8 29
7 14
2 1
6 11
6 80
3 16
8 1
7 94
10 95
1 6
1 3
8 29
9 51
4 55
10 72
6 40
4 1
5 31
6 96
8 37
7 48
7 85
5 43
5 9
10 61
6 89
9 16
5 39
7 50
3 40
7 84
8 83
10 27
9 65
9 41
7 17
3 24
3 89
8 73
5 39
2 72
6 63
5 64
1 94
9 1
4 49
1 72
7 91
6 29
10 92
2 61
2 37
1 92
9 81
6 9
4 25
5 37
8 4
6 46
6 23
7 11
7 65
3 82
1 58
8 49
4 47
1 71
10 57
7 69
7 54
2 11
7 70
3 4
8 89
8 60
10 74
8 25
4 24
10 96
6 92
3 45
4 95
4 27
2 76
1 26
5 88
2 74
4 74
5 43
1 92
3 85
10 8
2 33
6 83
3 52
9 73
1 20
7 86
4 32
8 79
3 95
4 55
4 3
6 88
3 59
3 34
1 77
1 94
10 68
5 96
9 5
3 22
7 17
7 58
5 7
6 93
1 47
8 17
1 67
6 81
2 63
3 47
10 75
5 59
9 40
5 15
10 30
10 30
5 2
8 54
2 91
10 6
9 18
5 15
10 57
3 90
4 92
7 31
2 61
4 4
4 56
10 28
1 96
10 13
8 68
10 6
2 5
2 48
4 54
9 84
1 90
8 36
8 10
3 56
5 42
7 100
9 91
5 80
5 34
9 13
6 33
4 45
8 15
1 38
7 24
8 64
5 58
3 26
4 95
4 60
3 53
3 58
2 49
10 70
8 88
3 73
6 17
9 20
1 35
4 23
5 98
10 87
4 48
5 83
10 11
10 61
1 58
3 76
2 16
10 16
3 61
1 84
2 65
9 97
9 88
2 37
10 25
6 42
7 66
6 80
6 19
1 38
3 95
3 48
1 17
5 37
10 52
4 37
4 24
9 8
6 40
6 86
1 4
1 43
2 14
6 5
4 90
2 73
10 17
8 56
1 80
3 83
5 100
4 68
9 96
2 99
6 25
8 6
7 51
7 70
4 83
9 59
6 70
10 6
6 23
4 40
9 18
1 66
4 4
2 94
1 89
8 85
7 40
7 60
6 68
2 32
3 23
5 23
10 28
7 26
8 6
9 31
8 76
4 30
1 38
6 19
1 45
5 23
9 21
7 50
6 49
4 44
9 24
9 22
1 11
5 62
8 59
10 95
7 42
6 58
10 26
1 65
8 25
4 2
9 32
2 48
8 91
4 51
2 97
6 53
9 98
8 42
1 55
6 0
1 81
2 96
4 7
3 25
7 42
8 21
5 62
3 15
6 80
1 70
5 86
2 16
3 41
9 96
3 36
2 71
7 51
7 87
10 58
10 26
3 45
5 52
10 68
5 34
8 1
6 60
7 66
8 91
8 59
5 6
10 77
1 14
7 4
5 22
2 54
3 50
2 89
6 80
8 4
1 57
8 66
4 12
8 15
9 42
5 82
10 97
4 65
6 97
7 42
2 73
2 12
6 53
10 61
3 89
1 4
7 17
9 60
2 14
2 12
4 0
9 5
7 31
2 16
2 51
1 84
6 49
8 82
8 58
3 57
7 70
2 98
9 100
1 78
1 76
3 39
6 87
9 34
5 83
9 54
6 9
3 40
6 3
4 34
3 4
8 7
4 13
9 60
3 54
1 47
2 91
1 17
6 0
2 96
10 77
1 75
8 28
7 71
6 82
8 8
10 20
10 99
6 54
1 91
5 69
3 11
7 25
10 28
6 79
8 57
4 19
8 58
5 7
5 33
6 96
8 94
4 30
10 98
10 41
4 20
4 36
7 36
6 42
9 18
8 70
10 36
6 14
9 49
8 95
8 100
2 71
2 36
6 61
3 56
8 39
3 29
6 80
3 2
3 81
3 3
9 1
5 94
7 15
7 90
9 94
5 18
7 84
8 93
7 42
7 41
6 95
1 62
9 28
7 98
8 37
9 16
8 26
1 69
9 96
10 100
8 39
9 74
1 30
8 46
4 47
1 20
9 49
3 47
10 96
4 9
7 76
6 34
9 98
4 99
6 55
10 97
3 54
9 15
10 79
1 77
4 97
2 96
8 81
7 22
3 3
4 48
9 28
10 91
4 47
8 70
4 99
4 92
3 18
5 96
7 37
4 22
2 78
1 71
10 70
4 68
5 20
9 48
6 71
1 14
1 54
3 93
3 67
4 43
6 20
2 52
10 63
2 90
4 98
2 89
10 56
7 68
9 20
5 35
6 36
4 63
4 13
8 29
10 32
5 65
2 19
1 1
5 57
9 84
2 68
7 82
3 21
4 75
1 37
8 64
10 24
4 80
3 55
4 81
2 38
1 76
3 3
2 77
7 85
7 75
8 98
9 73
3 93
5 64
1 32
9 92
10 99
6 32
2 68
1 37
4 96
10 69
10 63
4 77
6 89
10 26
6 72
4 99
3 61
5 87
7 45
6 64
7 4
9 33
1 17
1 68
8 1
9 89
3 94
1 72
4 30
7 37
7 91
2 43
2 71
8 82
2 99
4 61
6 38
6 29
9 83
4 81
3 54
1 42
10 62
6 97
9 22
9 72
3 78
1 32
1 97
4 49
5 86
4 11
2 95
3 46
4 4
10 29
4 26
6 67
3 98
10 8
5 65
10 61
2 68
8 42
9 31
10 77
5 52
1 9
6 42
8 7
10 89
9 20
9 61
7 74
1 7
9 89
8 23
8 35
8 46
8 38
3 100
1 82
6 60
2 75
6 16
1 36
2 17
1 35
4 34
5 37
7 86
2 18
6 6
10 58
2 60
10 35
8 74
2 81
2 30
2 26
6 12
9 94
2 38
2 54
10 12
9 52
10 74
8 95
10 15
3 13
6 10
7 21
10 36
1 8
2 41
10 59
1 67
7 98
4 23
7 24
7 7
7 3
4 64
9 28
9 66
10 93
5 93
1 35
1 1
1 7
9 65
4 9
6 2
10 54
4 69
4 34
6 58
3 9
2 29
3 46
5 6
2 32
9 63
1 66
3 93
4 67
5 34
7 53
9 88
10 76
6 18
2 18
7 14
1 65
4 48
3 59
7 30
6 2
9 1
9 79
5 93
1 86
3 0
10 93
4 99
10 6
5 26
3 14
8 57
2 44
10 92
10 57
1 36
5 53
5 72
3 78
8 100
9 46
10 57
7 53
4 51
9 34
6 20
10 92
6 45
5 46
5 84
10 92
4 78
2 7
7 55
6 79
3 26
6 29
4 48
4 69
6 13
7 99
10 27
8 84
2 35
9 86
10 73
4 77
9 93
2 51
4 49
7 55
10 31
3 2
1 53
4 70
6 83
1 63
6 38
10 86
9 77
6 65
7 21
3 23
2 83
8 14
2 29
6 42
8 88
4 79
5 56
7 99
6 96
2 51
2 17
3 0
2 1
9 94
1 30
10 85
2 19
6 19
5 30
10 31
4 54
8 64
2 41
1 32
10 66
1 67
2 48
8 77
7 39
10 93
10 59
10 9
8 47
10 27
5 3
4 87
1 5
2 12
7 40
3 58
4 80
6 8
4 73
7 94
8 92
1 42
7 98
2 95
4 27
8 17
9 92
1 86
1 65
6 92
9 76
6 37
4 13
1 31
3 30
5 96
5 65
1 66
1 100
2 64
8 47
4 30
9 29
3 62
10 69
2 64
3 42
2 49
6 51
4 80
7 59
9 31
5 26
10 30
1 35
10 5
1 60
1 60
7 93
7 15
8 30
6 5
8 55
5 35
7 24
2 55
4 67
3 45
8 94
2 45
1 32
5 92
4 50
7 55
8 32
6 92
8 78
9 80
9 54
1 90
8 12
6 31
2 70
2 5
7 85
2 9
9 44
8 23
8 1
7 34
10 38
2 35
1 47
5 15
10 32
9 14
1 77
1 1
1 21
3 94
8 35
8 75
1 5
3 72
3 1
3 46
7 27
2 0
8 67
3 84
3 4
3 47
4 42
10 22
2 0
6 28
9 99
3 94
3 37
1 44
5 35
4 50
4 84
3 83
2 6
10 94
10 100
5 98
9 31
4 68
3 61
9 79
2 61
7 92
2 23
1 13
3 41
9 5
2 16
2 3
7 26
6 18
1 56
10 68
6 11
5 45
2 29
5 77
7 39
7 68
5 36
1 2
5 99
5 53
10 84
10 92
5 28
3 67
4 35
8 63
6 58
2 86
3 89
4 39
8 33
3 44
6 90
3 76
1 26
4 44
2 77
6 29
4 4
5 31
8 93
5 28
5 82
6 58
10 73
4 10
10 11
6 49
6 75
6 78
8 14
1 36
2 11
2 47
1 16
5 51
4 22
4 22
8 96
8 100
1 91
5 61
6 83
6 85
3 74
5 68
8 26
4 77
1 99
1 64
5 48
9 31
10 39
2 78
2 71
5 24
2 78
7 18
7 33
9 81
5 43
2 45
5 71
1 70
7 39
6 27
8 25
3 97
7 58
9 46
4 54
10 71
3 14
7 3
7 39
3 56
2 57
9 76
10 51
5 60
1 1
4 88
4 95
7 55
4 78
7 57
1 9
4 30
1 99
3 34
3 90
9 36
4 99
6 32
9 59
8 5
1 68
2 48
3 62
5 87
3 32
10 99
8 12
6 14
6 59
5 28
4 75
5 78
4 79
3 36
3 6
5 82
3 68
9 70
1 37
4 56
4 84
5 69
9 82
8 15
3 39
1 2
9 43
2 86
4 54
5 41
10 64
8 8
9 95
10 87
10 35
2 99
3 68
4 2
9 66
8 66
10 10
6 30
8 54
5 19
10 1
3 77
2 76
5 62
6 12
2 47
8 30
7 87
4 87
1 5
6 25
7 37
7 12
2 61
8 86
3 22
1 18
1 5
10 56
4 73
3 61
10 80
2 44
5 55
5 23
7 29
3 71
5 77
1 37
3 15
2 0
6 83
10 33
4 97
5 23
6 76
3 78
10 3
2 17
10 27
2 95
5 13
8 29
7 32
9 46
3 87
8 38
2 59
10 75
1 53
10 91
6 76
8 4
10 34
6 22
7 11
2 48
3 14
6 47
7 42
6 54
3 98
9 42
6 24
6 36
3 61
2 97
6 92
4 72
1 65
9 55
4 24
2 81
6 41
4 10
6 31
10 33
4 99
10 76
7 17
10 58
4 44
7 22
7 24
8 56
6 61
8 32
3 71
3 62
8 11
6 89
3 46
8 66
6 89
6 81
9 54
9 30
5 28
4 81
8 11
1 69
4 22
9 91
4 68
8 60
10 29
1 34
5 73
9 27
10 57
5 0
8 37
8 77
10 95
9 77
4 56
1 84
3 93
1 40
1 40
2 84
5 69
2 84
10 95
6 24
8 14
4 70
5 5
10 52
6 60
7 21
2 99
9 76
1 62
8 64
6 44
2 57
9 72
4 50
8 48
5 64
3 27
5 2
9 24
2 16
10 45
1 81
8 65
7 98
10 17
4 9
3 26
9 82
4 16
1 43
1 55
1 6
7 1
5 22
4 90
4 61
8 23
2 50
6 49
9 19
4 27
6 93
7 65
3 79
1 98
2 83
9 40
1 76
7 5
2 44
8 48
5 13
8 50
10 18
2 45
4 84
4 60
4 64
2 18
7 57
5 6
3 56
9 52
9 17
8 77
5 84
10 62
4 81
3 94
5 1
5 26
7 45
3 56
7 83
2 80
1 79
4 13
6 97
7 22
3 78
7 11
4 30
2 98
2 24
9 4
2 4
7 82
3 79
9 25
10 33
7 59
5 80
10 88
9 78
1 83
4 4
9 10
8 52
7 60
4 85
4 41
8 5
10 76
3 24
4 42
5 24
3 3
3 64
1 14
6 64
4 89
6 100
4 38
4 52
4 28
10 87
4 88
7 28
9 34
9 90
5 63
6 60
4 53
4 45
4 43
10 2
7 29
1 33
4 38
1 95
2 41
7 8
9 68
1 9
3 32
1 4
7 22
3 37
4 23
1 74
1 57
7 7
10 92
10 33
5 89
3 33
10 5
4 38
3 28
2 10
6 95
4 95
8 4
4 79
1 0
4 73
10 46
5 96
8 73
4 21
3 17
3 70
8 55
7 25
7 58
3 21
4 2
8 41
3 40
4 100
4 39
10 88
5 93
2 15
1 63
2 27
3 28
9 67
9 73
5 7
6 16
4 16
9 60
6 93
1 27
3 70
4 48
6 93
3 89
5 55
7 36
4 76
2 78
9 6
8 55
10 14
7 8
10 43
6 90
6 63
1 21
2 88
3 8
3 59
6 89
9 93
9 19
8 68
10 12
7 97
4 33
6 44
10 69
5 22
5 30
9 92
2 40
3 68
9 65
4 71
4 77
5 7
9 76
8 61
9 7
5 71
1 16
4 36
1 73
1 28
4 74
2 68
7 39
4 34
2 92
6 44
8 93
1 50
10 60
8 84
8 20
5 43
7 96
6 96
3 84
5 11
3 46
5 71
10 57
3 23
2 23
9 64
7 50
2 49
10 25
9 32
2 86
6 63
5 36
5 19
4 84
3 37
7 38
9 63
5 53
3 0
8 47
1 48
2 37
8 65
8 21
2 43
10 82
4 95
3 52
4 19
7 87
1 78
8 29
2 10
2 39
8 36
6 94
4 41
6 8
6 41
6 67
9 62
8 99
8 54
9 36
4 13
1 36
1 5
3 63
2 57
2 2
3 70
9 28
10 94
2 33
7 45
3 27
2 95
9 83
1 71
7 44
1 5
3 7
1 45
7 40
5 89
4 51
7 26
3 18
1 2
10 40
8 77
7 36
3 51
2 44
5 65
2 93
6 12
1 45
10 55
6 23
7 14
2 49
2 78
8 13
9 73
2 98
2 83
4 0
6 47
8 37
3 50
4 36
6 92
5 79
1 5
2 79
8 74
6 10
8 84
4 25
4 53
1 15
5 18
1 77
8 92
4 31
8 66
1 72
4 49
3 40
8 63
9 27
7 74
6 88
10 16
1 35
3 27
2 40
9 24
3 43
10 87
4 78
5 96
8 79
10 37
5 86
3 59
10 38
10 43
3 33
1 8
1 61
9 95
4 38
3 96
5 72
10 93
9 2
6 44
3 97
6 84
1 39
8 7
5 50
10 86
6 52
1 78
4 54
10 78
8 82
6 19
8 91
4 39
9 28
10 96
7 92
4 50
1 76
8 57
4 38
5 91
9 2
5 43
1 36
6 40
4 20
8 74
5 40
6 90
4 42
8 45
3 86
10 99
4 62
1 56
9 15
2 92
4 75
9 67
7 44
1 66
6 79
9 58
3 78
10 14
10 76
5 37
2 51
5 76
1 66
9 74
2 41
7 39
4 14
9 76
6 72
6 17
9 19
10 9
5 40
7 80
10 42
1 36
8 82
3 30
1 35
1 6
2 49
8 55
7 70
7 64
8 92
1 36
9 98
9 59
3 27
9 76
7 20
6 90
8 25
9 5
1 78
1 78
2 67
2 34
10 32
6 33
5 60
7 8
9 76
5 61
5 32
10 2
10 22
2 50
3 32
9 63
3 97
8 28
10 49
4 21
6 98
8 20
10 93
3 64
10 86
2 12
3 7
4 22
6 50
6 14
9 74
10 73
9 7
4 40
3 59
4 77
9 26
2 48
1 77
9 92
2 39
5 6
6 27
5 34
2 5
4 32
8 82
9 70
2 90
2 97
2 51
1 52
5 29
2 13
8 35
5 69
7 35
9 54
10 45
2 25
9 94
4 78
10 42
1 50
8 75
7 51
1 35
8 28
4 23
10 44
3 61
8 90
6 90
1 22
5 4
9 98
6 5
1 48
4 51
8 58
2 68
6 73
5 34
10 32
4 61
4 59
6 59
4 89
4 76
3 45
2 0
8 29
5 3
3 4
4 82
5 86
9 36
8 89
6 15
10 80
5 53
1 82
2 19
6 40
1 6
10 17
4 31
10 46
4 28
4 12
3 57
9 59
2 31
8 71
10 1
10 33
7 14
7 83
10 3
4 26
4 86
9 71
1 5
1 19
7 88
8 42
9 57
8 82
9 77
5 50
3 2
2 76
8 73
2 18
9 90
5 23
9 46
4 69
4 72
9 41
6 5
4 94
7 65
6 26
2 80
5 13
1 0
2 67
3 95
5 8
7 33
1 32
10 23
1 0
7 71
9 62
3 90
3 54
7 4
1 47
7 1
3 71
6 89
4 96
10 4
9 84
6 87
7 18
10 58
9 37
8 32
10 8
8 56
8 14
2 17
3 33
9 63
9 94
4 86
3 17
6 77
10 30
4 56
8 89
2 37
3 64
5 57
6 3
5 61
8 69
1 84
2 64
10 1
8 27
8 87
1 19
6 30
3 67
9 42
2 67
7 22
2 91
3 20
7 30
3 86
7 23
1 56
4 59
3 52
10 15
6 52
8 15
9 18
9 16
1 3
1 11
4 85
2 0
9 78
1 5
8 72
6 78
8 8
7 64
1 71
3 65
3 70
8 64
2 67
5 97
1 0
7 90
9 31
6 25
4 65
6 100
4 11
2 43
3 93
3 69
1 18
8 8
8 41
4 37
4 41
6 73
9 85
8 60
7 65
2 62
1 47
7 48
2 43
6 88
3 62
8 45
7 7
4 6
6 18
10 76
2 17
10 84
4 78
7 40
2 6
6 79
5 30
10 47
5 21
7 10
3 97
6 40
3 86
2 27
1 97
3 77
8 95
1 27
1 91
10 50
2 32
1 20
1 14
3 50
4 64
7 51
5 50
7 28
5 78
3 80
6 1
9 98
2 60
5 54
5 28
3 27
4 65
10 57
10 30
1 28
5 83
5 67
4 21
3 76
8 94
3 47
9 4
6 30
5 1
8 99
8 28
10 69
9 65
7 61
3 56
2 85
9 29
2 5
1 36
6 50
9 20
1 84
2 50
10 90
3 42
3 22
6 17
7 60
3 33
10 38
5 79
8 95
2 53
2 25
7 48
7 87
3 72
4 3
2 60
6 31
6 41
4 25
9 46
2 76
2 8
8 86
7 69
3 17
8 29
7 54
7 92
9 7
3 60
1 7
9 11
10 91
10 20
3 22
5 35
8 17
4 38
4 30
1 36
1 5
1 71
1 11
1 70
3 29
5 25
6 46
3 17
5 43
1 86
9 20
5 26
5 79
6 78
7 40
1 96
9 69
7 17
1 20
1 26
5 57
5 7
9 65
3 4
5 12
9 46
4 15
1 74
9 61
5 45
4 86
7 42
5 3
1 79
2 61
10 97
9 68
2 0
5 38
8 31
7 49
8 40
3 77
10 21
7 68
2 10
10 40
7 45
4 24
2 21
1 41
4 64
4 44
4 21
3 2
6 78
5 45
9 8
10 22
2 66
3 33
10 46
2 24
7 24
3 72
9 78
5 38
9 52
5 26
1 51
10 27
6 42
5 25
2 24
5 69
9 7
7 95
4 4
6 87
8 24
10 7
8 68
2 76
2 12
1 62
4 22
1 21
5 36
6 52
1 48
4 4
9 54
5 11
3 10
1 0
3 0
3 20
2 16
2 81
10 63
9 55
2 95
4 0
9 30
1 46
6 72
4 45
1 97
5 66
8 9
3 60
10 21
1 81
6 21
4 29
3 57
7 97
2 65
2 6
5 92
8 57
1 61
4 16
4 16
5 87
1 48
7 50
10 0
10 79
1 55
8 36
9 72
2 40
2 39
6 28
10 88
5 67
3 37
10 72
6 54
3 56
1 99
6 14
7 85
8 26
8 34
5 75
5 73
9 34
6 77
2 26
1 55
8 53
10 34
7 0
1 51
5 28
10 43
4 1
7 9
3 11
2 28
6 34
3 87
1 11
2 25
10 66
8 14
3 94
10 66
7 17
7 87
1 11
1 75
6 98
3 67
3 6
10 6
6 59
8 87
8 24
10 38
4 14
7 17
3 87
5 71
2 81
10 11
4 32
3 14
6 60
4 80
7 15
3 93
4 18
8 10
4 27
10 43
7 66
6 75
9 99
4 73
10 62
4 0
7 39
1 80
10 14
8 1
3 12
5 28
3 37
7 13
7 50
8 89
10 85
2 79
2 20
7 32
7 50
9 88
6 96
4 30
7 50
4 43
4 90
6 20
5 24
1 13
9 51
10 100
5 24
8 90
6 23
5 17
1 20
3 34
8 29
1 80
9 16
5 3
8 97
4 24
3 68
6 62
7 27
3 29
6 31
7 73
6 83
2 26
10 15
7 75
3 70
7 46
1 70
6 10
4 38
9 38
10 15
2 91
5 85
4 86
9 44
5 89
4 94
8 8
2 1
1 71
4 37
4 42
5 79
1 57
10 3
7 90
2 67
5 71
8 56
9 97
1 45
2 81
9 81
10 65
9 14
4 34
4 30
1 68
1 52
6 54
2 39
9 83
6 20
6 15
1 18
9 70
1 95
2 90
10 83
9 27
8 67
8 86
7 6
4 14
10 50
6 15
5 15
10 65
8 48
1 29
3 23
9 18
8 100
9 84
10 50
5 100
8 100
3 17
5 96
2 29
1 43
9 18
6 0
9 29
10 16
1 40
8 48
6 55
1 98
4 78
9 25
10 91
2 83
5 27
1 96
2 2
9 43
4 97
6 48
4 59
10 68
2 98
9 93
6 0
8 14
5 38
1 58
10 30
1 89
4 55
1 12
7 24
8 95
10 88
2 88
8 38
10 32
8 97
6 67
3 11
10 73
7 69
5 63
5 25
7 8
8 93
1 2
4 63
5 58
9 68
5 72
8 42
2 19
7 86
6 28
10 95
7 81
4 93
9 14
9 19
4 72
5 61
7 19
7 88
3 78
10 15
5 77
9 85
1 76
5 97
6 70
1 73
4 82
10 10
4 30
2 40
3 82
1 65
10 75
9 47
7 11
2 7
1 55
9 14
6 93
1 11
7 74
10 58
8 72
10 16
4 44
1 93
9 100
8 27
9 100
7 48
7 36
5 4
8 29
8 24
3 90
1 28
2 1
1 32
9 33
10 13
4 16
8 21
5 32
5 50
8 8
4 23
3 49
5 10
9 46
5 14
7 86
7 39
10 42
3 45
10 48
9 69
10 58
4 87
1 0
9 11
9 51
9 39
1 8
7 55
2 76
7 64
9 63
7 24
1 30
1 88
10 28
3 64
5 64
9 5
8 64
9 43
5 53
6 89
7 45
4 88
2 52
8 58
8 38
5 38
2 57
7 62
6 37
5 10
8 39
4 89
3 75
5 3
3 30
7 44
2 64
7 96
6 85
3 92
9 66
9 51
2 41
10 31
3 67
7 27
1 70
8 23
8 49
9 59
6 37
3 38
1 29
5 64
4 88
2 3
1 56
6 83
10 71
6 7
3 58
8 43
10 8
6 64
3 36
7 47
10 87
2 87
8 23
9 42
2 22
3 50
5 1
4 3
7 97
4 55
4 48
6 37
10 23
1 38
5 67
9 71
10 93
9 47
5 4
7 73
1 48
5 71
4 40
3 42
3 74
8 69
8 32
8 54
1 88
7 25
6 52
6 21
3 54
4 26
2 79
4 3
3 6
4 85
4 19
5 74
2 70
1 73
3 17
2 66
4 3
8 3
10 96
8 64
1 10
1 47
7 26
9 69
3 3
9 31
9 48
6 63
7 92
2 16
4 85
4 20
8 58
5 94
9 65
4 35
4 21
1 39
6 22
7 25
9 84
8 94
6 93
2 8
10 9
3 31
2 55
2 47
10 21
10 51
4 85
3 81
8 5
9 43
8 13
10 24
5 15
9 20
4 68
10 24
2 46
9 75
2 19
1 62
8 65
10 80
4 63
10 52
2 81
9 55
4 15
5 89
5 31
2 86
8 44
2 34
4 66
10 18
3 20
10 56
8 8
4 69
7 92
8 38
5 25
2 58
9 61
7 8
4 73
3 0
4 87
9 18
2 30
3 80
6 95
4 91
2 46
9 96
3 87
4 76
5 99
3 90
10 94
10 3
4 28
3 22
5 89
8 74
6 40
7 93
4 61
5 100
8 76
4 44
9 60
1 98
7 38
8 50
8 45
10 61
7 20
1 42
1 46
2 14
1 1
4 25
9 41
8 11
7 15
8 66
8 19
6 46
7 79
4 72
1 4
8 60
9 17
2 57
2 15
3 41
9 11
4 74
8 46
4 42
4 31
7 31
4 9
4 51
5 27
5 5
1 48
6 43
6 91
7 67
5 30
2 11
5 59
8 7
9 30
9 85
8 25
7 57
9 21
10 16
5 67
1 79
6 12
1 81
8 43
3 20
7 12
9 89
3 24
10 92
3 53
4 46
2 2
3 71
4 2
10 85
3 12
9 13
6 35
4 49
7 16
9 42
3 21
6 38
8 19
8 52
4 80
8 58
5 96
5 52
2 42
10 9
1 44
2 50
9 98
5 99
10 50
7 54
4 93
4 20
10 74
7 43
4 43
6 19
8 62
1 24
3 19
3 92
10 40
1 81
10 65
3 87
1 26
10 25
8 40
5 91
8 18
3 87
4 34
2 6
4 13
8 26
4 48
10 80
5 10
4 46
9 73
8 88
6 58
10 13
3 25
6 94
4 19
6 35
4 10
9 66
4 19
7 30
1 49
4 38
5 29
5 76
9 98
1 92
1 97
8 10
8 26
4 65
7 5
10 43
4 80
4 65
4 69
7 34
8 38
3 18
6 63
6 96
1 34
6 97
1 23
1 43
10 27
6 74
9 14
5 2
8 24
5 46
2 82
2 32
8 17
6 85
1 6
9 3
8 20
10 67
3 19
10 11
2 32
2 87
2 80
10 71
8 42
1 70
6 30
1 21
8 47
4 64
8 78
10 17
7 14
7 10
1 10
3 72
1 76
10 55
7 56
1 76
6 93
1 100
2 15
2 15
3 20
4 31
8 55
1 63
1 19
9 42
4 7
10 40
5 19
9 50
7 27
8 9
1 81
1 43
7 37
2 9
9 3
9 27
1 87
10 88
2 75
6 32
4 89
8 50
3 30
9 92
2 36
8 81
8 23
2 2
5 64
6 12
10 59
2 10
6 42
9 12
2 100
5 46
1 89
4 92
7 91
3 13
2 2
10 55
4 95
6 52
3 45
2 67
2 53
10 4
1 20
3 38
3 43
4 40
2 36
3 18
8 49
3 20
7 88
1 93
2 19
8 100
2 81
6 92
9 12
5 44
4 7
7 24
5 87
9 94
6 57
6 69
10 45
10 74
4 17
7 67
2 74
9 95
5 81
5 36
2 34
2 92
9 56
3 39
4 0
2 64
8 21
5 42
4 96
10 33
9 24
7 17
1 58
8 1
7 99
1 92
10 21
9 17
4 68
3 71
9 25
1 24
9 96
4 11
8 26
10 3
1 20
5 88
1 0
4 67
4 47
5 19
2 76
1 34
4 17
10 70
9 98
1 23
9 15
4 10
2 7
10 34
6 45
2 20
8 2
5 100
7 74
10 6
3 54
4 28
5 43
7 67
1 0
10 3
6 95
8 37
5 10
6 57
2 19
4 57
10 10
3 97
7 7
8 19
4 20
6 44
2 69
3 13
8 91
4 3
4 96
5 12
1 23
7 42
5 2
6 13
2 3
6 48
6 42
10 9
7 71
1 35
5 11
9 27
6 40
5 75
1 79
3 15
1 86
7 23
2 70
2 100
2 89
1 19
6 18
8 78
7 89
3 48
7 38
6 55
5 14
8 23
5 34
9 60
9 77
5 89
1 30
2 3
4 13
6 24
1 79
9 98
8 84
6 50
6 23
6 27
8 55
5 98
9 65
1 69
10 9
9 100
6 33
9 32
4 39
3 65
2 93
9 83
3 6
9 22
7 50
1 99
3 8
3 59
7 60
3 13
10 23
2 4
1 15
3 56
1 47
2 61
9 13
1 58
3 2
10 49
3 36
9 13
6 43
1 71
3 79
4 48
2 46
9 94
2 11
6 79
6 28
3 23
10 84
3 36
2 43
5 14
2 16
3 4
5 26
10 60
3 42
2 34
4 21
2 55
8 68
9 60
5 91
6 32
4 56
5 67
8 70
5 96
6 28
6 58
8 99
2 30
6 24
3 3
10 71
10 2
8 100
6 91
2 37
2 77
2 48
5 57
9 12
3 6
9 3
7 74
3 4
3 65
9 73
10 1
6 91
2 42
4 71
5 80
8 77
7 7
1 54
4 21
8 9
8 94
5 21
6 16
7 44
3 55
5 57
2 65
8 46
5 81
5 80
7 100
4 18
1 88
10 15
4 11
4 69
6 96
2 3
1 38
4 14
5 79
1 76
4 96
6 14
5 81
5 17
1 70
5 82
4 73
4 43
10 96
8 33
7 89
10 88
3 98
10 98
1 58
8 73
6 29
2 55
7 96
1 31
6 91
1 9
2 94
3 6
3 72
7 80
1 0
2 6
8 13
7 23
5 58
1 2
9 51
8 75
1 35
5 94
1 99
3 30
1 79
5 83
1 49
3 77
10 4
4 16
9 21
7 50
3 32
2 75
1 56
4 7
9 62
1 80
7 23
2 23
2 18
4 46
1 5
2 79
7 66
5 20
8 83
1 53
5 81
8 63
6 55
2 25
5 94
6 19
8 55
8 51
6 70
4 62
4 95
9 97
7 23
8 85
8 17
7 53
3 20
8 97
1 41
1 29
2 83
5 38
6 37
9 44
6 39
9 58
7 56
9 94
2 39
7 82
3 94
3 59
2 1
3 59
3 46
8 19
3 43
5 78
10 49
7 25
1 24
4 27
10 46
3 9
1 7
5 34
4 64
10 54
9 24
2 48
1 7
1 44
10 94
4 12
1 1
3 95
3 38
8 79
6 50
4 3
2 45
2 83
3 99
7 69
9 65
7 97
3 59
4 100
6 63
1 81
2 7
2 22
4 39
9 27
9 31
8 92
7 34
1 97
4 30
4 43
10 60
3 51
6 72
8 55
6 89
8 51
3 58
3 6
9 68
3 48
3 100
6 79
7 47
5 74
7 49
5 68
10 47
4 13
5 63
7 68
6 70
4 70
3 78
7 16
10 32
1 15
2 58
1 48
1 83
8 83
2 89
6 93
10 31
4 98
8 21
2 52
1 70
4 48
1 64
6 57
9 8
2 32
3 25
5 91
9 15
6 53
5 44
4 21
5 88
3 59
3 30
10 37
5 36
7 60
3 97
3 57
9 98
5 44
1 44
5 45
9 61
6 80
5 62
5 53
8 42
3 2
3 18
1 86
8 92
10 3
3 13
10 7
5 85
3 66
10 48
1 18
10 63
3 27
8 74
7 9
1 75
3 86
8 61
7 93
5 64
2 15
5 81
9 6
3 32
7 58
8 4
3 27
2 48
3 49
8 27
4 97
8 4
2 73
6 41
1 86
7 81
6 76
2 6
7 4
10 43
10 37
2 85
6 71
7 51
2 51
5 30
5 34
1 6
5 70
2 30
10 36
6 53
1 34
8 57
8 45
9 0
7 36
10 96
8 73
7 38
1 3
10 85
2 99
8 31
9 82
8 39
8 5
6 16
10 79
8 66
1 36
6 60
4 63
8 50
7 21
9 51
7 100
10 1
8 95
10 20
1 27
5 77
6 97
8 41
6 57
8 23
3 78
5 15
3 87
3 49
2 9
7 22
4 15
9 75
5 17
2 71
4 51
4 0
6 40
8 58
4 100
8 46
2 72
2 83
6 78
3 78
5 91
6 69
4 12
1 11
3 4
9 15
1 35
8 34
10 73
8 28
9 100
8 26
10 91
9 77
6 2
3 88
8 0
10 94
8 24
8 72
2 47
7 64
3 64
7 68
5 33
10 16
4 89
4 10
2 18
7 39
7 73
3 29
3 78
10 88
6 1
4 18
10 11
7 98
2 38
1 65
1 82
7 84
9 49
4 60
7 14
1 8
8 20
2 77
7 72
6 58
5 64
8 13
9 62
10 5
7 57
1 72
2 43
7 17
10 91
2 11
9 37
5 95
6 76
4 68
8 24
7 19
3 12
3 64
3 49
4 4
7 9
2 52
6 16
2 36
8 11
7 88
8 71
9 29
9 28
6 57
7 1
2 28
1 7
3 2
2 77
1 20
8 55
8 46
4 56
2 82
2 44
1 88
2 60
7 12
7 15
8 47
6 86
4 71
8 42
9 28
6 82
10 76
4 92
1 37
4 9
9 84
2 21
5 84
6 95
10 32
9 13
7 82
1 1
9 84
9 72
6 88
1 76
5 76
6 27
3 77
8 71
4 34
3 53
1 83
2 34
1 85
2 61
9 3
3 47
1 65
7 8
3 85
8 54
4 56
10 32
4 31
3 88
8 26
7 41
7 82
4 28
2 89
7 48
9 17
2 10
9 87
8 42
2 30
9 54
8 22
5 25
5 64
6 54
6 57
1 67
4 46
2 70
6 77
9 9
7 61
7 14
6 16
10 65
9 80
5 12
7 86
6 20
4 65
6 94
10 31
5 76
9 87
7 95
4 93
5 80
7 63
5 29
5 84
9 21
10 93
2 31
5 0
5 81
6 43
5 77
1 7
6 95
10 63
6 69
5 40
7 77
9 67
2 15
5 46
5 67
9 55
2 18
10 36
4 57
2 29
4 85
9 22
7 5
1 86
10 32
5 89
9 0
7 73
1 96
9 2
10 4
7 32
4 7
7 29
3 31
7 61
4 1
1 51
1 22
10 81
4 12
10 79
2 97
1 22
2 30
10 25
8 86
7 43
5 82
7 31
8 87
1 60
3 21
10 85
3 0
5 18
1 90
8 44
8 43
5 15
9 16
7 82
4 60
8 81
6 16
4 43
3 20
7 8
1 20
7 23
1 78
1 46
1 42
5 54
3 97
6 50
8 48
6 39
6 65
3 58
10 64
5 59
7 8
1 48
3 38
5 67
5 38
6 63
5 8
10 51
10 59
2 15
3 83
8 60
1 90
3 84
3 11
9 6
1 65
2 45
3 10
6 61
10 84
3 94
6 12
3 61
1 74
6 22
7 13
1 48
7 35
10 5
9 90
7 58
8 31
2 25
3 1
9 40
8 22
2 53
2 55
6 5
10 49
9 82
3 66
7 83
2 74
3 15
5 1
9 38
3 66
3 14
9 55
2 9
10 59
2 3
4 26
7 96
9 86
6 64
9 2
8 99
9 17
7 13
8 24
10 52
2 2
3 57
9 57
9 44
8 33
1 31
3 71
4 40
2 41
10 51
5 0
6 67
1 62
3 85
3 8
3 13
7 71
2 34
10 12
9 40
7 56
4 60
10 48
2 66
1 14
5 53
1 74
10 34
10 38
2 33
7 87
8 48
6 80
6 52
2 6
6 25
3 58
2 40
7 23
2 42
8 81
5 84
4 31
5 99
2 95
10 5
10 33
10 98
10 26
3 4
7 8
2 95
6 76
7 91
4 68
4 53
1 54
6 12
2 51
5 56
6 13
8 16
1 74
7 52
5 6
3 83
8 63
6 85
6 72
6 53
2 86
5 48
5 25
3 19
8 48
4 77
2 13
10 5
9 67
1 32
10 49
9 27
5 100
4 36
6 85
4 83
1 38
3 2
4 25
8 56
1 87
9 77
9 1
8 10
5 2
1 93
2 97
9 68
7 65
2 55
8 88
3 15
2 70
3 44
10 86
7 73
10 19
1 24
7 77
5 92
6 23
6 79
9 32
6 18
7 81
2 37
1 34
4 94
9 11
7 35
8 92
10 36
2 13
7 81
3 57
3 0
1 14
5 76
9 88
2 47
4 22
3 73
4 89
10 72
5 24
1 81
2 24
7 34
9 54
7 40
4 30
3 44
7 82
9 44
6 67
4 68
7 50
8 3
10 45
6 93
6 5
9 99
5 38
2 78
6 45
6 87
6 49
8 50
8 4
5 30
4 20
8 76
10 98
4 2
5 2
4 51
3 95
2 14
8 40
10 73
7 19
1 37
1 39
3 98
1 38
3 67
4 94
1 89
4 86
10 39
1 93
1 69
3 44
5 63
5 89
5 64
8 44
1 53
8 73
2 22
2 2
9 71
2 84
5 4
10 33
8 68
6 95
5 80
4 41
3 86
3 69
7 20
5 87
6 6
5 24
5 34
7 58
8 57
3 9
10 16
1 69
6 73
2 33
6 98
9 42
8 22
10 38
9 67
8 4
3 86
8 39
10 45
4 18
3 47
8 48
1 49
6 82
4 33
10 5
10 38
10 64
3 70
2 77
5 37
4 93
9 76
7 53
2 31
1 44
1 4
10 54
2 84
1 33
5 23
3 46
6 3
2 68
3 29
5 68
9 7
6 59
3 7
1 3
3 62
9 72
5 56
10 95
6 46
9 67
1 16
1 67
5 63
5 94
5 73
4 12
8 2
6 9
9 98
3 34
8 96
5 1
2 49
6 25
9 94
8 61
6 96
5 41
4 95
7 32
10 53
10 60
1 68
9 93
3 45
9 64
7 7
8 34
2 90
3 95
10 9
10 15
2 42
2 22
3 69
2 80
4 18
7 48
2 5
7 74
3 9
5 45
6 9
6 9
7 91
2 84
8 83
4 18
1 3
1 48
5 54
1 14
7 40
3 92
3 48
8 41
3 21
4 29
1 54
1 59
9 92
4 17
8 9
7 99
4 81
8 37
3 16
2 74
2 81
8 68
5 67
2 65
3 4
9 36
6 94
3 22
1 25
9 44
3 11
5 84
2 84
8 74
5 76
10 65
2 22
6 17
4 56
4 99
10 100
10 53
1 17
8 99
2 93
3 69
3 20
3 37
1 83
7 73
2 82
10 36
10 22
2 1
8 19
5 79
6 89
10 7
6 31
2 9
6 11
5 43
10 45
7 69
6 32
5 94
5 32
9 4
6 5
1 32
7 33
8 9
3 95
2 64
9 45
3 34
10 61
6 68
1 81
10 8
8 8
9 53
6 63
2 39
9 13
9 67
4 67
4 21
8 98
1 12
9 91
1 28
7 26
7 53
10 88
5 82
2 24
5 33
10 34
4 68
4 77
3 31
1 9
2 56
5 74
8 8
3 51
1 6
2 38
1 7
5 52
9 53
9 4
8 74
9 63
4 66
4 7
3 10
4 48
8 27
6 45
3 16
7 43
2 56
5 31
5 6
7 15
4 90
6 12
5 37
10 57
7 49
9 53
4 2
2 36
8 66
4 45
4 9
5 38
8 13
5 47
9 86
10 79
10 60
10 47
9 26
2 96
2 0
4 36
2 12
10 87
10 0
3 15
4 26
5 4
1 41
2 14
10 26
7 31
2 97
9 95
10 31
6 54
10 44
6 80
1 59
5 43
3 15
5 3
3 53
4 69
10 85
2 65
6 59
10 70
7 85
7 29
4 97
4 72
8 56
9 36
6 83
2 22
2 67
1 87
3 43
8 1
7 38
2 55
9 20
1 83
10 0
9 43
10 65
2 23
6 44
4 53
9 19
2 82
10 78
6 54
5 89
7 75
5 30
10 36
6 37
1 81
8 5
9 52
8 80
6 55
7 14
1 61
4 20
10 20
5 34
9 74
2 19
9 3
4 15
4 19
10 5
6 23
7 37
1 23
5 93
1 81
9 71
6 27
2 30
3 67
9 8
9 68
2 84
4 15
4 44
6 68
7 66
3 75
9 76
2 56
8 23
10 18
5 18
10 82
6 49
5 62
2 65
10 0
7 76
3 88
6 15
7 35
2 75
7 41
6 98
4 93
10 38
5 8
6 74
9 52
10 21
8 4
10 16
9 5
6 73
10 84
1 56
10 54
1 33
10 68
1 36
4 67
1 15
8 11
9 56
2 78
3 61
7 19
3 71
4 46
9 7
4 58
7 9
7 55
5 63
5 1
8 24
7 4
5 59
3 41
7 71
2 46
8 10
5 11
3 9
1 9
7 5
8 34
5 72
1 71
5 85
1 54
7 83
10 72
5 48
6 32
9 11
10 40
5 37
5 13
10 43
5 75
3 6
7 36
4 83
5 29
3 44
8 88
1 77
4 95
2 75
3 67
3 33
2 49
3 6
2 78
10 95
10 79
3 9
10 25
5 82
8 56
6 90
10 25
7 50
9 86
5 83
7 81
9 83
7 45
7 89
6 81
1 40
1 62
9 27
5 89
1 45
3 34
2 41
5 97
5 100
6 85
6 51
4 74
8 28
5 1
4 82
3 77
8 65
2 43
7 99
10 51
9 42
8 93
4 5
1 71
8 59
10 3
3 16
6 77
8 54
10 87
1 62
9 2
1 60
1 31
2 84
8 88
2 19
2 62
7 47
9 47
2 83
4 73
7 69
4 96
6 20
3 67
4 94
4 30
3 93
3 93
5 83
9 21
4 5
5 12
5 8
7 68
9 59
10 60
8 26
8 45
1 2
7 98
7 38
5 63
5 50
9 92
10 14
2 73
6 14
10 99
10 8
4 4
6 24
2 73
6 10
4 39
10 52
1 21
5 81
10 88
7 93
7 84
5 0
9 54
3 69
10 24
8 51
7 54
7 57
9 46
1 84
3 25
1 47
10 11
5 50
3 8
1 61
6 73
5 51
1 79
5 31
1 30
9 9
2 33
4 45
7 87
1 59
9 17
6 68
3 28
7 42
10 81
10 69
8 74
2 83
3 87
9 43
7 89
7 59
1 53
2 58
8 62
2 79
3 11
7 50
7 64
4 9
6 63
9 41
9 4
2 83
6 70
2 28
10 90
4 3
3 46
5 40
4 66
2 36
9 93
3 14
2 33
5 47
10 25
4 25
4 52
1 72
6 83
2 82
7 67
4 94
6 75
1 73
9 19
7 64
5 25
9 1
8 35
7 25
9 86
3 17
3 48
4 41
3 12
6 61
5 48
3 20
10 64
3 74
6 91
3 8
7 0
5 35
8 98
2 72
2 10
10 25
4 42
5 77
6 83
10 18
6 6
3 14
4 56
4 33
5 6
2 61
5 42
5 63
1 53
8 74
6 48
6 28
7 70
8 1
8 64
3 22
10 81
2 59
9 23
9 22
9 37
8 7
3 27
4 95
3 29
7 30
5 76
10 86
4 3
3 17
5 13
9 88
8 20
7 30
4 14
9 37
9 40
4 57
2 92
9 32
8 15
6 78
9 69
3 16
3 42
10 66
9 82
8 25
4 2
1 48
1 21
6 88
4 32
9 50
6 54
2 57
1 13
6 32
4 67
3 11
10 40
2 54
3 31
10 95
7 68
1 89
10 78
4 6
4 85
6 66
5 18
5 95
10 6
7 8
10 74
2 62
2 60
9 26
4 65
7 60
1 81
8 12
1 2
6 10
6 94
7 56
6 27
5 16
1 72
9 56
5 4
10 39
9 91
7 18
7 2
8 66
10 59
7 21
10 10
3 10
3 23
10 14
3 33
5 98
5 87
3 85
10 53
7 49
2 85
5 6
9 77
9 82
5 27
6 1
2 9
9 17
9 96
10 71
5 39
7 0
7 60
3 26
3 80
9 24
9 42
3 64
5 40
7 82
1 85
1 85
3 51
3 57
10 6
10 52
2 20
9 93
2 39
6 67
8 34
7 52
2 29
10 66
2 100
6 99
1 16
8 41
10 13
6 0
10 2
10 21
7 72
7 80
8 56
3 99
6 52
9 64
6 20
2 36
9 22
10 1
3 44
2 88
7 41
6 24
3 33
4 52
2 17
2 30
4 86
4 51
4 36
7 99
2 37
4 63
7 50
5 61
6 88
9 42
5 9
8 6
3 90
7 25
8 84
3 97
5 97
1 50
3 43
1 47
5 50
3 89
3 68
5 95
4 48
3 32
2 56
10 64
9 26
10 86
4 54
9 63
7 88
8 76
8 77
3 75
1 85
3 81
4 100
3 9
6 89
7 77
4 17
8 84
2 22
6 22
10 44
8 19
8 94
2 81
5 100
6 70
8 19
10 59
7 41
5 47
1 40
7 69
5 9
5 41
6 94
9 90
3 92
8 31
7 66
10 95
6 88
1 78
1 24
7 30
7 42
8 22
5 69
3 80
3 1
8 50
3 91
8 9
9 65
4 32
8 46
7 37
7 65
2 29
10 92
9 17
4 29
8 2
5 31
6 66
6 48
10 55
8 45
4 57
4 72
10 98
6 94
1 14
7 51
3 41
1 59
8 88
2 31
4 85
2 3
10 49
1 6
2 74
7 71
4 23
4 19
7 65
3 78
2 28
9 53
7 96
10 77
3 1
1 41
2 83
1 35
2 41
7 3
1 6
5 93
5 68
8 68
4 16
8 54
5 88
7 3
5 53
8 45
8 67
10 62
10 76
6 3
4 74
8 96
1 55
10 45
10 75
2 2
8 90
2 27
9 85
6 97
2 13
5 93
3 63
5 37
4 29
4 91
7 93
2 92
1 35
4 85
9 56
9 42
5 38
7 77
9 87
10 14
5 19
3 38
3 11
4 72
2 67
3 20
3 83
10 75
10 46
3 75
3 81
1 66
7 87
10 71
10 44
2 66
1 77
1 84
5 3
7 58
10 32
10 18
6 49
5 38
1 96
10 97
7 40
10 96
7 58
6 18
4 74
10 6
2 77
1 5
2 70
3 15
8 49
6 22
7 82
9 59
4 4
9 79
7 39
3 53
8 20
5 43
10 20
9 12
10 97
6 63
10 64
7 36
3 56
10 21
9 48
3 45
2 99
6 21
8 73
6 36
9 27
1 24
4 78
1 5
8 95
9 27
9 46
5 34
3 23
10 98
6 73
6 11
7 0
6 41
9 3
1 19
1 79
7 23
6 38
2 39
10 47
8 4
3 86
9 44
5 31
3 78
8 34
8 30
2 28
9 13
5 72
9 97
8 50
4 72
2 2
5 23
10 55
10 8
9 56
1 17
7 14
2 100
3 100
7 82
10 7
1 71
4 17
8 92
1 26
4 25
1 15
9 80
9 2
9 13
6 10
10 41
9 78
6 4
4 77
7 66
2 57
3 77
6 29
8 95
8 74
1 21
9 40
1 71
4 2
7 60
10 59
3 0
4 33
7 8
5 17
5 86
1 2
1 59
5 31
4 75
2 39
2 2
9 20
10 47
6 6
9 82
4 99
8 22
5 91
8 20
3 98
2 13
7 5
5 28
10 20
8 85
10 8
9 29
10 14
2 3
3 79
9 50
1 78
6 93
10 52
8 28
1 30
2 58
1 75
9 41
1 51
8 90
2 73
8 32
6 70
8 14
7 14
2 89
3 13
8 63
5 88
2 88
4 21
9 47
7 16
1 79
2 35
5 50
4 13
8 56
9 67
7 26
5 37
2 18
7 29
3 93
6 26
7 29
3 24
5 68
10 7
1 12
7 87
9 19
3 18
8 72
8 1
7 2
6 40
2 37
8 92
5 33
10 78
9 43
7 32
10 29
5 25
10 53
9 52
1 35
4 62
8 13
1 37
10 88
8 1
6 1
5 40
7 78
6 97
8 49
2 63
7 85
7 25
7 2
4 3
8 34
5 66
1 8
9 10
2 43
1 61
1 72
4 51
8 82
2 36
7 38
4 68
6 10
4 53
10 33
1 17
1 31
1 98
3 45
5 88
6 44
7 89
6 71
4 61
8 71
8 36
8 14
3 80
9 65
8 6
1 11
9 10
8 17
8 51
10 80
5 25
6 75
10 34
2 68
6 71
6 60
8 90
6 65
6 61
10 26
2 27
1 46
7 56
10 97
5 0
1 25
2 33
3 57
4 47
5 0
1 88
7 65
10 17
4 96
2 57
9 67
2 97
1 36
1 100
9 87
8 67
9 35
10 44
7 53
1 31
4 16
1 59
3 97
5 27
10 79
1 48
7 60
4 78
2 21
5 94
7 27
9 48
5 86
4 85
2 0
1 88
9 72
2 15
5 20
6 17
2 6
9 99
4 32
4 11
9 82
7 67
1 53
9 87
3 21
4 86
8 0
9 74
5 57
2 98
10 43
7 22
6 57
6 31
2 52
9 7
3 84
2 46
4 62
2 74
6 33
10 16
9 52
1 87
7 67
8 56
2 30
8 29
8 96
3 15
3 42
1 77
7 95
9 27
4 31
2 71
2 49
6 63
7 15
6 11
3 3
9 6
7 72
2 89
1 97
2 64
4 32
8 0
6 29
5 83
6 44
7 29
8 0
4 67
2 66
2 8
9 11
9 43
5 52
10 13
4 58
8 46
10 76
2 35
1 82
6 28
6 49
2 75
7 71
5 44
7 17
1 65
4 75
9 99
5 67
9 43
1 98
1 66
10 7
5 7
2 79
8 58
10 71
2 12
5 28
3 30
6 58
7 56
10 6
8 100
9 22
10 31
3 15
8 11
4 98
8 22
4 19
2 91
5 100
3 22
7 75
6 1
7 57
1 10
6 90
4 45
6 58
9 12
4 55
8 67
4 40
10 6
9 88
3 80
2 95
4 12
10 88
2 30
8 38
3 42
3 69
5 63
10 19
8 22
4 88
3 26
9 73
8 19
2 48
8 11
6 8
6 84
9 89
10 84
3 23
2 82
5 66
1 26
1 40
7 82
4 86
7 62
9 5
3 16
10 36
9 50
10 21
6 100
7 31
1 30
3 70
1 61
9 0
6 73
3 59
3 81
2 11
1 5
6 95
5 77
5 23
3 57
5 56
9 89
3 42
8 20
1 39
6 65
4 74
10 54
3 48
2 100
7 41
6 73
9 28
2 48
1 55
8 95
8 57
5 43
3 86
1 27
4 26
10 45
2 17
8 40
9 82
10 18
1 76
3 2
1 58
4 39
1 87
3 72
10 15
4 1
9 82
6 50
2 77
3 57
7 20
8 23
3 23
9 78
7 83
2 51
1 5
3 39
6 14
4 53
4 12
10 27
6 45
9 58
7 45
7 46
1 13
10 64
9 38
10 45
1 73
8 95
1 58
4 86
4 91
10 26
7 64
7 6
9 8
3 34
1 14
2 13
8 96
9 26
3 42
3 19
3 42
7 57
7 39
5 73
5 78
9 23
10 3
1 91
9 92
8 1
5 51
1 47
2 90
2 35
10 26
3 29
8 59
5 50
2 59
6 14
9 50
6 51
7 58
7 100
5 44
10 9
9 54
1 69
7 45
1 6
9 72
5 36
9 77
5 41
4 32
10 30
1 27
1 28
9 74
9 20
4 91
1 51
7 62
1 37
6 38
9 37
10 96
8 45
7 33
7 60
4 30
2 1
10 56
3 33
5 92
5 43
3 36
8 87
4 96
3 93
8 96
6 53
3 5
1 41
9 14
6 65
6 84
7 24
8 0
4 13
5 92
9 94
4 0
7 0
3 94
8 93
10 55
5 99
7 32
9 84
4 32
7 29
8 42
8 48
6 96
8 31
5 4
1 40
3 3
7 75
10 23
8 61
10 43
10 58
8 33
4 18
1 35
4 6
4 87
1 71
3 3
1 78
10 46
3 73
7 24
1 51
7 90
6 63
5 27
3 94
9 65
8 59
9 86
5 37
5 40
8 25
7 8
8 48
1 27
3 24
4 60
8 36
9 96
3 50
3 53
1 86
10 67
5 41
8 54
5 1
2 76
4 22
4 68
4 85
2 35
8 9
6 45
10 15
9 91
8 78
1 1
8 63
2 35
9 74
1 34
7 95
5 74
2 93
7 7
3 58
3 90
5 20
1 48
9 94
9 41
2 71
8 87
5 88
6 14
7 41
10 27
8 43
7 30
7 71
9 32
3 42
9 12
9 61
8 62
3 2
1 68
7 64
6 92
5 80
9 57
6 29
4 98
4 79
10 91
6 32
10 7
1 30
3 8
1 1
9 81
5 81
10 71
6 61
10 55
7 31
5 46
5 96
10 87
9 79
5 99
8 56
6 40
1 47
4 0
5 71
8 31
7 100
4 95
6 8
5 27
8 49
2 23
3 56
4 2
3 49
3 19
5 13
5 24
9 19
8 29
2 75
1 77
5 83
8 46
9 5
6 51
1 91
9 13
10 11
4 16
5 97
8 66
3 7
8 80
7 30
7 8
6 85
5 76
7 18
8 83
7 58
1 90
3 83
6 82
9 15
1 42
7 72
4 44
7 90
5 11
9 16
10 98
9 47
4 87
7 79
1 88
2 34
5 9
7 36
8 39
1 39
2 25
9 98
3 50
7 56
10 64
10 81
10 99
5 5
3 77
7 65
2 72
4 35
6 99
2 57
4 64
5 61
2 79
7 74
9 32
2 30
8 31
1 86
7 56
6 9
5 50
7 15
5 17
10 1
10 54
2 13
6 46
10 60
5 46
7 84
2 86
5 98
5 82
9 89
10 46
4 0
8 22
3 38
9 20
1 84
2 99
6 78
6 74
8 54
1 49
8 0
2 15
6 53
1 22
5 31
6 77
2 36
1 52
7 52
9 5
6 41
2 91
10 80
6 8
5 51
5 36
7 33
1 77
2 94
10 94
6 85
4 23
7 63
8 23
8 89
4 26
1 29
7 93
7 14
7 66
4 42
6 43
9 34
7 27
3 22
2 90
3 41
7 82
2 41
7 8
2 87
6 100
10 64
8 69
1 66
4 71
7 45
7 2
2 45
2 63
9 7
10 91
7 27
2 18
7 20
4 98
5 52
1 31
7 15
7 72
3 56
8 41
5 20
9 1
9 31
4 21
5 82
5 48
8 24
2 62
9 3
6 8
1 92
7 64
7 25
9 15
10 20
10 28
8 17
10 57
2 86
10 24
3 82
4 42
7 37
2 82
5 57
1 18
9 10
9 81
5 93
2 44
7 5
4 3
8 12
2 52
7 63
5 3
10 91
3 87
8 91
2 53
7 46
1 2
8 39
9 64
10 97
3 1
8 59
7 88
9 51
6 64
3 90
4 92
1 17
8 65
6 0
9 42
6 94
4 91
7 4
7 37
9 16
7 81
7 11
2 78
6 79
4 59
10 13
5 89
8 28
7 15
9 92
10 86
6 84
10 4
1 46
3 48
1 88
8 92
8 15
3 80
9 40
6 21
3 0
3 51
1 54
4 92
2 20
3 40
10 48
2 96
5 0
7 97
3 80
3 3
4 38
10 30
8 37
9 42
8 60
6 67
1 10
4 21
6 9
10 79
10 68
9 47
7 79
8 39
1 41
2 96
3 57
1 12
8 39
1 23
3 56
3 25
8 99
5 66
2 53
7 35
5 14
6 40
9 25
6 8
2 52
2 69
1 71
1 92
6 64
4 45
2 6
3 67
4 39
7 68
9 44
2 84
1 16
7 50
3 4
6 21
4 89
9 29
4 22
5 0
4 50
3 33
3 60
7 74
10 83
4 14
5 21
2 48
4 72
1 18
9 16
5 71
5 61
8 89
5 14
8 83
5 4
6 27
5 55
4 0
4 15
2 61
9 4
3 91
1 33
9 93
5 76
4 97
9 69
6 41
6 43
1 84
5 11
1 75
9 35
2 23
10 94
9 4
3 98
1 26
8 92
1 89
4 8
7 29
9 58
6 92
9 44
7 24
4 22
1 52
3 63
5 61
8 15
2 59
1 71
8 3
6 57
9 87
7 66
10 78
9 58
1 93
2 74
1 60
2 69
3 84
9 25
6 41
9 82
8 11
10 100
4 75
8 63
3 21
6 18
1 76
10 57
8 54
4 96
7 13
4 27
2 60
6 40
1 85
1 12
10 21
3 11
9 15
7 13
2 76
3 81
6 27
6 75
2 70
2 49
6 49
10 11
1 84
9 77
4 57
8 84
6 96
2 31
4 15
10 44
1 53
8 79
9 6
5 36
4 61
1 93
7 36
7 100
1 99
5 74
4 23
10 78
1 77
8 51
3 77
6 96
10 24
1 99
2 72
10 92
10 82
9 55
5 1
6 34
9 80
9 36
5 18
3 51
9 71
8 85
7 69
9 72
8 94
10 84
10 19
8 33
1 71
1 96
7 29
7 23
9 46
7 11
1 83
6 31
5 34
4 5
3 42
9 97
10 46
1 60
2 85
4 41
10 83
7 54
6 84
10 56
9 67
4 13
7 12
4 53
7 24
1 43
7 46
6 13
8 42
5 100
1 78
6 82
5 44
10 94
2 69
3 15
1 82
3 88
6 2
3 90
9 4
6 100
4 84
10 3
4 49
10 52
6 70
9 18
9 37
3 32
7 16
2 64
9 41
4 64
7 30
2 12
2 48
10 27
8 15
3 34
2 21
6 97
7 35
2 1
1 31
2 57
7 65
7 84
1 4
2 72
5 36
1 16
2 74
5 14
10 85
4 5
1 61
8 56
7 93
1 69
4 17
9 94
4 35
6 48
7 80
8 23
4 45
7 38
8 100
2 20
5 49
9 78
10 58
5 29
3 1
4 58
10 44
4 98
6 94
2 58
10 61
3 23
8 47
3 43
7 47
9 10
7 35
7 93
6 30
3 13
1 21
4 89
2 51
8 67
2 48
6 34
3 70
10 37
2 79
6 86
8 59
10 6
5 95
10 94
10 52
10 2
8 75
5 38
6 46
4 10
8 69
10 50
3 84
5 50
8 89
7 25
10 96
4 47
3 89
4 36
10 91
7 31
1 35
1 0
10 85
7 79
2 84
4 57
6 67
1 7
4 96
7 55
6 58
2 42
4 60
1 30
7 85
2 27
1 72
10 89
2 89
5 53
5 65
2 34
9 22
1 12
10 30
3 20
10 75
9 50
9 40
6 12
1 46
7 25
2 36
2 3
4 3
8 100
9 74
1 36
6 35
6 0
3 33
6 24
4 44
1 60
5 92
10 67
2 3
1 10
1 69
4 59
1 21
1 54
6 44
7 84
7 24
7 35
2 95
7 40
8 35
3 30
6 50
1 94
2 82
8 19
4 27
5 96
9 36
2 14
2 18
10 51
6 69
6 32
2 97
6 74
5 55
9 100
5 52
9 28
1 92
7 90
3 15
3 80
10 63
5 29
5 79
6 49
10 85
6 80
6 24
3 39
1 22
3 91
10 81
6 56
4 89
8 67
9 74
2 71
8 19
10 25
5 22
10 66
4 57
9 60
5 75
3 97
9 85
7 87
5 9
10 0
7 3
4 81
1 19
3 44
3 11
9 45
7 9
7 88
5 90
10 1
10 87
8 57
7 78
8 95
6 93
10 62
10 94
9 50
5 61
2 76
10 81
9 13
6 14
10 52
2 33
5 37
3 64
9 56
8 74
1 39
8 100
10 87
9 56
4 6
6 6
3 84
4 17
3 85
8 1
2 64
1 31
7 18
8 87
2 65
4 12
6 78
1 2
10 84
4 69
5 94
5 64
3 35
10 19
10 21
8 82
7 39
1 99
3 9
4 38
3 9
4 13
9 31
8 20
2 46
8 50
4 46
2 88
1 87
1 16
3 22
3 25
7 32
1 74
10 35
3 96
7 23
4 9
7 98
6 47
2 15
4 55
3 64
7 61
5 89
10 5
1 68
3 49
8 77
2 60
5 16
5 83
5 38
5 53
8 67
3 17
5 19
8 42
4 5
4 81
7 70
4 96
10 56
7 87
1 87
4 82
10 92
5 37
5 27
1 100
1 77
2 88
9 59
10 59
1 30
6 44
8 91
4 94
6 43
2 90
8 100
4 79
1 59
8 5
2 60
7 40
5 11
7 87
5 60
7 55
2 23
7 19
4 34
7 45
3 35
3 4
4 56
2 89
10 97
7 24
1 43
7 84
2 21
5 13
3 97
6 80
2 99
4 90
1 17
5 80
4 13
8 0
9 96
3 30
1 21
2 56
9 25
6 71
1 84
8 27
2 64
9 24
1 79
