100
9998.09860 1.45794 99955.77591
1257.48454 57.20026 152.58462
9993.49935 1.03825 99951.56648
9995.21246 1.09169 99946.05074
784.0 27.0 4242.0
353.95146 40.30611 777.45800
9996.71650 1.10304 99919.39143
1.09028 99.84329 99999.08290
2610.0 91.0 46231.0
1373.401 62.986 765.86
9992.79505 1.13756 99948.60382
9998.57704 1.16222 99972.75957
497.76610 91.52236 666.16644
9998.73296 1.25515 99991.67276
9991.86569 1.31879 99969.60102
9990.62294 1.02687 99974.06771
9037.00000 54.00000 9062.00000
9995.35391 1.47317 99920.28885
606.0 43.0187 886.29158
9995.54068 1.01827 99997.12473
3359.00000 2.00000 6718.00000
1266.7019 100.0000 694.3577
9992.77341 1.04068 99926.66617
7.29 7.0 741.3
9298.0 89.0 67600.0
79.2175 98.8 2.05390
861.08943 88.10278 544.25300
3011.0 99.0 9985.0
1276.31539 38.16646 777.78595
9997.83897 1.44216 99917.27450
1284.06470 28.96017 1112.01653
9990.52259 1.29987 99941.22283
39.05601 95.30598 531.17156
9996.92480 1.49886 99905.22747
7263.00000 2.00000 14526.00000
1507.0 55.0 16686.0
9991.36961 1.41994 99945.58340
9996.73775 1.13757 99997.65322
9994.85611 1.45216 99920.50577
1341.19833 36.11287 329.28901
9993.95376 1.01692 99959.11185
351.52496 91.01207 1093.89640
3313.00000 2.00000 6626.00000
9997.40581 1.07179 99985.74765
661.57183 3.80885 990.67337
932.24355 12.16334 479.95218
9995.02899 1.18992 99998.12712
9994.17901 1.31655 99926.74135
352.0 3.387 1083.921
9990.44914 1.49989 99991.74895
320.82564 91.46073 789.05920
1347.36926 26.19953 198.71841
9998.15324 1.25916 99923.93366
3683.0 2.0 33594.0
9998.73592 1.49643 99947.03116
1.05899 99.16012 99999.70611
169.23392 76.406 213.67509
2162.00000 2.00000 4324.00000
9991.87672 1.44645 99904.56884
657.973 20.7 185.82
9990.50943 1.41723 99962.97739
5177.00000 51.00000 5807.00000
9991.19460 1.41339 99994.79102
4036.0 99.0 17350.0
9992.72689 1.09782 99999.08692
9993.41642 1.21505 99907.41328
5287.00000 32.00000 5719.00000
637.354 41.0 867.4
1.05182 99.29335 99999.54070
1122.0 96.27409 466.3
10000.00000 97.2855 547.0
247.57384 30.51674 121.88154
3166.0 25.0 33147.0
9998.82387 1.37111 99972.40097
5111.00000 36.00000 5932.00000
733.06239 9.39553 697.07715
891.2972 39.0 100000.0000
9991.09099 1.20434 99987.81686
501.064 52.385 1075.0
8063.0 68.0 7618.0
9994.54571 1.44050 99938.36188
641.0 77.0 139.8149
1952.0 45.0 98029.0
12.34594 89.19366 1118.52916
9994.54383 1.01794 99905.12525
1242.215 36.5652 250.37993
757.4158 14.89 300.0
1258.2 45.75656 662.35722
528.54334 78.60332 637.68441
425.77094 24.44025 142.81899
189.51904 96.87625 389.69271
8144.0 77.0 89648.0
1.03759 99.73085 99999.49273
7.74954 66.00236 45.17536
7824.0 13.0 1181.0
1157.1748 15.0 844.52
8022.0 56.0 70473.0
583.43218 21.40236 741.08108
9997.48617 1.07571 99951.24752
1125.79792 74.98717 27.58016
