100
497.51161 1.35788 1930.56620
491.03167 1.02575 1917.68844
328.00000 2.00000 371.00000
490.92691 1.23560 1910.43619
1.04639 3.01874 1999.15688
226.0 3.0 1972.0
39.0 3.0 1114.0
495.00139 1.05936 1929.16221
277.0 2.0 1216.0
498.98438 1.28158 1934.93603
205.3604 1.0 88.0
152.36793 3.07965 1874.42334
46.45593 3.27169 3.85553
494.37832 1.49528 1935.74317
48.7 2.0 1138.5
491.83452 1.04579 1982.10595
466.0 3.839 1988.676
218.227 3.29466 220.89274
42.64245 3.23328 61.15036
172.0 2.0 403.0
497.43562 1.49269 1985.96221
496.19328 1.09491 1982.65729
373.58752 3.01603 1565.67436
490.01450 1.41195 1958.53239
29.73 2.8 1518.61278
1.00650 3.51302 1999.59265
234.19 1.5584 183.510
394.00000 2.00000 788.00000
493.91407 1.04675 1982.92771
309.0 4.0 1768.0
495.82516 1.01855 1993.07931
22.0 1.0 663.0
254.00000 2.00000 508.00000
497.06435 1.05904 1996.52440
491.98006 1.01674 1960.59817
276.00000 3.00000 302.00000
457.00000 4.00000 481.00000
491.01836 1.35366 1980.18853
494.59602 1.10869 1936.09614
257.691 3.02 700.20358
33.36635 1.09416 816.84525
26.996 1.0 352.0
497.29369 1.18157 1975.94537
68.0 2.0 1803.0
1.000 1.944 1816.0
1.47734 3.18407 2.80685
375.00000 4.00000 378.00000
496.95715 1.27247 1915.85869
498.01814 1.29640 1924.85661
394.0 3.0 396.0
1.06366 3.62988 1999.55103
485.37681 1.02659 1481.58415
340.946 2.7442 1200.656
200.0 3.0 776.0
497.68443 1.10072 1952.88380
495.13904 1.17674 1947.24327
269.11891 1.50071 926.11372
401.56752 2.47097 306.43233
417.22 3.0 124.19
392.93234 2.04833 1329.53484
496.84824 1.25800 1956.30785
1.04449 3.70116 1999.75441
118.78412 2.31292 1248.73980
71.747 1.0 1.0
148.91313 3.42952 117.29968
492.93323 1.40495 1960.67662
190.85 3.17648 11.3
59.26310 2.92263 969.56795
60.57984 1.31277 1291.91063
491.08030 1.41297 1931.90837
500.00 2.605 1140.0
493.66945 1.06004 1927.83101
5.0489 2.564 311.110
29.0 3.0 964.0
465.00000 2.00000 930.00000
492.19663 1.04615 1924.80943
187.3703 4.0 943.2397
253.6 2.323 1434.97
498.04023 1.43048 1909.74300
440.0 1.0 1445.0
284.46899 3.0 994.81
313.00000 2.00000 626.00000
379.21191 2.80413 46.55053
54.0 2.0 447.0
377.42509 3.42847 277.65983
496.69056 1.29941 1940.48213
264.0 2.0 1318.0
75.04229 1.24507 1034.48809
492.18114 1.48183 1972.29013
283.4 2.86783 2000.0000
498.80651 1.09364 1973.74406
343.72381 2.35502 349.50163
95.92767 1.33150 842.79428
496.59833 1.32105 1956.88807
187.11609 3.23247 1889.84268
294.54125 2.78725 1148.06608
498.11638 1.02451 1997.22212
497.50886 1.08915 1955.64281
490.03240 1.21291 1929.36010
493.03827 1.29471 1961.77047
